-5220.407549981169
-4199.644636029966
-4238.72485733531
-53.03977680076835
-3948.4176030937847
-4490.701529842537
-1428.786588593035
-3699.0324568673655
-1960.4962804772579
-12826.106247140262
-3617.68032011315
-2037.6373248145312
-5056.79886603743
-3863.68089176689
-264.7898561660374
-4646.409891852179
-3651.4763472428203
-2724.8233795907154
-3239.5245172880886
-2615.138767459255
-2783.099375189418
-2429.089854412213
-3890.312017827879
-4224.578776095302
-1963.9786942862058
-3079.2876940599767
-2788.769357666979
0.0
-2425.045547924826
-4070.8676725368296
-479.8256334362534
-1790.9456476705016
-2522.5470729253357
-1110.5204703144163
-4383.186829030468
-2576.0358110709985
-4151.1242043652555
-3830.267497846349
-2921.8238589729503
-68.95196002337352
-1447.8818740272748
-5200.100877538954
-68.41864443678416
-4167.611182102497
-5236.51153664248
-7090.979401803697
-1393.8773299272318
-2404.8908045022395
-3486.806103834877
-1627.6808805281132
-1100.9145104815777
-3505.855601938317
-2007.9497963127762
-521.6516082289488
-2743.836796943985
-5525.028386131354
-4257.8141135665255
-4984.078743295579
-923.5746688426046
-3439.465548155052
-5604.466579589273
-4926.788515795039
-2393.3475682395006
-3150.5882089582824
-2214.639607667668
-5676.739815117498
-1518.163206191134
-3221.6953641087866
-2453.047153122188
-1989.9730884814444
-2285.720263271264
-4114.598597328396
-2818.897628017567
-1088.7659704227192
-4582.308023976175
-6184.70114636521
-5348.841528120135
-9588.047017431
0.0
-61.462531521320386
-2293.029412265794
-1688.79967426389
-1134.8458296421966
-3756.9058549961296
-4382.784767385365
-5198.276418191845
-4088.0630422928743
0.0
-5514.324180628244
-1223.0069032878782
-4372.954692323571
-1639.3037691743639
-5383.263484981918
-3398.950380854243
-5040.0234805357095
-3203.434081147539
-7808.353320806116
-4947.31196871472
-3875.977429348058
-1973.6191569591572
-4180.223932531362
-2381.325705023284
-1549.652631809561
-3902.6132372244733
-627.299130621317
-3901.678091417296
-8673.481191511493
-842.3697062792596
-2635.8206398909138
-4827.890411187796
-8334.102526144305
-2998.15595766453
-3359.0018008580482
-3852.1236153395516
-6736.014390524926
-66.38085342394425
-3764.874243601885
-4040.677010153982
-4787.107233858393
-1347.2911235969755
-2138.789804372887
-2068.5205319638185
-6.9928161454025
-6409.6901741112015
-771.6107927681169
-3071.210689416727
-4411.494860756216
-2556.40343803389
-2919.6633121318027
-1948.5490219606038
-5705.806721589807
0.0
-4499.338165175313
-3723.8757641314746
-2347.9211577858878
-5090.653877295222
-3155.2558614032946
-1784.4524868311871
-3780.628818360176
-3369.882598427511
-931.8626996586949
-4895.327875830473
-3672.544201421224
-3137.207649457105
-1743.8072894761594
-3461.3332252810314
-2932.3749547255325
-3515.452747995813
-1796.0412800969527
-2711.5843682416285
-2537.646305339501
-2550.0547599008332
-2117.9319241871644
-3305.2435721152133
-3015.8700430932518
-970.5707169392812
-4778.590270274273
-4957.481856154029
-965.5102553608576
-1320.7532842068701
-3263.0336000163175
-5321.273708172361
-3166.2616851866064
-3634.857939933053
-1977.740585410716
-1073.2793160865492
-5758.170288080955
-458.7179053375793
-367.9573762583867
-2872.2950541683435
-4585.00118108719
-1552.7946539112365
-3346.0849659885607
-2281.537781554425
-9086.496588583404
-1776.4790327654582
-5223.065870837061
-2693.4221516020534
-4571.736207975792
-3844.7674797754335
-1270.8376684911993
-2604.0475081161185
-3234.4414720034724
-666.7192398331416
-4293.860712964599
-3185.3819824682805
-2152.4546801071488
-1314.863525903066
-5202.839788759631
-5024.490631448088
-1361.2313210306036
-8244.85385666839
-3592.2442061537654
0.0
-4565.561306282575
-2140.6221512953994
-2084.3854385421237
-2043.5295474838586
-3192.733484858471
-3105.816299128408
-9908.492168322884
-4210.0840970624195
-4926.378825051153
-1503.6958400467615
-2729.917380074123
-1760.3325114494917
-1436.376866617586
-1987.2171151688892
-5852.35018948908
0.0
-4662.2835208853085
-3018.488439269976
-1264.2614498990777
-2479.620665872096
0.0
-1004.5017232420299
-3720.272687366841
-2777.9838023712778
-453.90390155278294
-2835.303597160535
-1968.7146908903958
-1606.3881693830162
-4755.204897521016
-2955.254029238386
-2864.4168681416436
-4257.204423456465
-4143.175070510773
-2572.057635690301
-4135.940974698452
-869.8237756401867
-2703.400348827943
-3219.1959990461146
-853.2116662335791
-1968.641465028692
-3327.6590661219598
-2437.367055192081
0.0
0.0
-5700.466555311866
-4256.402667306873
-2753.24700977419
-2544.5215974584025
-2980.793546167463
0.0
-1059.3137458162842
-3529.112373228311
-2907.286823849201
-3484.6397506145504
-4533.208538533001
-4551.114507307533
-5007.89409896202
-926.0602350724217
-4386.673134991703
-2500.9285309202673
-1171.5524659998453
-1651.8619395922503
-4002.439602949939
-1735.552308664286
-4087.008623447107
-7384.393254295784
-1537.7312682237564
-1614.261292245047
-2854.5089952381136
-1234.8844423141024
-44.30534683401392
-326.58213851577926
-2800.82297774317
-2845.679874627199
-2111.890580843522
-5346.817163362288
-698.6758366338928
-5187.387623106136
-5089.313802799889
-3771.057012490289
-1726.252327027121
-3091.550523733468
-4616.673736175499
-898.2966446830196
-2272.5024863410267
-53.240283981437244
-3534.7135374072186
-3279.0382960105635
-3803.383291606992
-4735.451629595285
-3792.926113399808
-4910.575877928355
-4360.506704195315
-2331.440656936851
-4908.67271329855
-1495.2076470856036
-1372.8093785994545
-3791.963271651483
-1842.2703988855071
-720.5925329154742
-1941.8469065856987
-1024.408358207331
-2948.8643501638653
-1994.357863793331
-892.6278199498192
-1155.3561554980788
-264.20420871969895
-1246.7942974034274
-5154.0687708152645
-68.85512332431263
-5283.1624652304445
-2734.8838270752963
-6852.73118742594
-6445.301265653756
-7.956192897895548
-3766.9675715967264
-3132.668808333717
-4429.304829433834
-8423.601087733612
-1637.5650211102968
-2551.7187450468305
-1664.7890618521699
-4088.9993101894893
-4623.054757548155
0.0
-5617.077614968805
-3986.023442857665
-3347.088910788849
-2706.582713181864
-2881.2502165501764
-2453.649609977757
-5320.174582982134
-3564.6884627854106
-2634.26501841197
-6.9928161454025
-3573.6762231138255
-3443.158845957165
-840.8767850287581
-2613.9132941624903
-5456.5379454070135
0.0
-2147.6884834771017
-2421.31260462423
-4312.986401229918
-2613.944563299865
-4133.795585974494
-6218.558315271824
-2501.747272582588
-3036.5066864850814
-547.0373322391963
-3790.6986126572356
-1016.6722188366465
-5385.91377997675
-2663.7627360150173
-5226.670052757849
-2915.5621806041436
-1451.811920711405
-3326.598214004344
-1567.2837528830944
-5087.247636205398
-7707.592606787722
-4134.183866134928
-718.6097831671281
-3051.493890343694
-2940.884586662598
-1852.6338322001277
-2147.5441910967756
-2305.247723345919
-2427.6905362733487
-3713.674122692021
-4080.0355398618826
-2538.4620911749107
-5310.345426752972
-5123.132270742988
-5103.603820865445
-4741.479295708547
-2497.6930928156507
-5167.173776774833
-4055.8136288216065
-4690.542380070273
-3513.5717980998716
-1652.7338175774955
-873.4920432512473
-1109.9952139523148
-5387.191258726489
-1920.1392561922862
-1186.1130376473006
-3383.9753662099997
-2234.769194699344
-3602.310420686157
-1750.8885539490543
-3565.855293607135
-1924.4468150842263
-4001.2837861790817
-10921.33475600686
-3750.162472294403
0.0
-2749.3388864614994
-15199.267658998766
-4990.477210103634
-619.9795084311181
-49.60634470916425
-4903.793312896196
-4978.230789759491
-1932.0836332429114
-2805.1465010822417
-2758.8790844818245
-4869.137360204498
-2392.4082552849927
-2430.303936404969
-3670.1076443443917
-5160.881936254284
-2670.1428115979393
-3007.66926691621
-2105.2272281071705
-1394.8737400969126
-5507.2680213977665
-2530.9955373870616
-4294.3106388917495
-2953.679246143479
-841.1387559604971
-2633.826074715085
-2996.0686259777353
-2085.058573115572
-1272.2761130775746
-3554.0031626186856
-1031.9398587523915
-603.749493851998
-3318.5950170945634
-3330.689605531166
-3875.791496602924
-5485.201046320365
-2928.25994222403
-2694.069519767351
-3175.906890440341
-6297.144750932772
-3270.186067630829
-4689.785107350986
-3595.890673934814
-10324.983358569658
-8357.521744536818
-3543.9670072366816
-2408.8050628747837
-1021.3449983054597
-2368.313410810237
-3167.449458564578
-1967.7542412972505
-683.9127443053486
-3615.2891168040865
-2006.1858369484733
-4482.386575645803
-4649.359398881963
-4904.1898884905295
-941.9167628017387
-1354.556928750009
-8665.541243556167
-827.7145582166834
-1814.4135690973283
-3416.5058166338713
-5098.001221345341
-2796.8095868918053
0.0
-1656.3848184697317
-1047.0867265508152
-3038.3020395842113
-4542.509501177598
-2718.2819770286083
-5412.941760880428
-4408.517035741279
-5563.009684189095
-2421.9190921775044
-4229.289488160322
-4564.331789140765
-2731.1049394970414
-5567.941761091228
-1317.8930526132433
-2407.0467028626827
-4567.382575972113
-3846.9805179835275
-5481.18548315934
-1208.205510490344
-4124.177194086647
-1025.3946699008802
-3629.5558052899355
-4818.167904867316
-4079.443190919675
-5011.226936704055
-3668.334887595621
-3930.651418508088
-4206.711985010495
-2364.247891788281
-4855.294172788562
-7779.069465959916
-4528.272478978549
-5562.19217266063
-4381.204753805224
-2603.4431655279536
-2349.480208628461
-4300.239370486975
-3887.255095850737
-4189.000854443442
-5008.389130726534
-2864.553411416292
-3829.6471763666445
-6020.806325670625
-4750.0985262655
-5264.989598903087
-1824.3362909781317
-3868.852531725448
-2502.615415919864
-865.4142628125645
-2832.8246303328046
-7080.960475304222
-1401.5927383367637
-3026.213785660342
-5593.412571297638
-1052.3250833917753
0.0
-2593.511978324452
-1989.8096981282258
-707.8875652326419
-1747.6557323727986
-2189.0546244574393
-6058.796515677625
-3576.0027888957497
-1608.1310616456353
-4188.840248538548
-4863.039347749896
-2779.133832894096
-4896.937150319248
-7910.272676583497
-2071.289280437532
-4072.3929422574593
-3774.060419756079
-4597.252060492469
-1084.5391572530286
-2973.7396079894484
-2555.8595412618943
-3407.6405930256874
-5451.117077533677
-2567.7453254140564
-1053.3869780914245
-1233.2117075751603
-3999.149403992086
-3920.1780071420235
-5044.039325116146
-2658.195650901612
-1393.2294235028178
-1509.5901218438614
-1368.9305045707083
-1461.2578564097043
-2094.9316331050554
-1664.076062075507
-2666.970377540042
-3463.131069892889
-2900.137727548698
-1055.2124097871194
-6424.710062487797
0.0
-2376.67093155406
-48.685232501546054
-1062.015750729366
-3020.8746885189275
-1766.210597760935
-3771.5939018974273
-2795.7547615406374
-2370.294528010625
-6743.673447542251
-1809.009516646249
-7338.257807122802
0.0
-3341.632788328116
-8.028820195874099
-57.110996809677516
-2219.176484323273
-3855.9198552592097
-2041.516951415689
-4825.766831293333
-2526.5015893343984
-3138.811560600261
-3494.2035005562216
-2450.1481890707805
-3692.5015340169994
-3507.689903301319
-4120.8332754643125
-3448.4499856000366
-3395.848039843314
-931.3810604972717
-5218.343965824178
-4411.3393606665995
-5034.105334719592
-10504.57340268817
-99.07117526990656
-5629.971091685653
-2508.5927134123463
-3079.3990172823883
-4672.125221502884
-3620.283060624953
-3915.0758933683865
-3473.353521995943
-5848.554320568019
-1037.519553113757
-4337.597000289106
-4894.429671410768
-3574.3146010016544
-1464.689784074864
-1722.959218017286
-8441.226771642365
-7154.002423119063
-4337.637610884012
-3325.916202506793
-2292.545535164971
-3980.6988957827402
-4000.9347322142366
-1697.0842213694543
-9106.598377022105
-1236.497935340321
-5953.67123677536
-3017.3969507648626
-5203.7705422592535
-4912.6948821330125
-2936.422915533497
-3591.405876012782
-1496.1756922492793
-3271.0750763507294
-4833.841810733423
-4562.308931369093
0.0
-1982.214217602315
-2919.845658171157
-1243.5573959566584
0.0
-1420.6821590606974
-3766.102182142559
-5442.057955390174
-3971.642065913085
-4531.5765891990295
-347.7873941215567
-1104.165753166668
-5247.29434863
-2095.7760440569327
-18122.568295757992
-4813.849135761464
-1153.5601507199647
-5457.153222629836
-1108.478701887379
-1018.5476116984464
-1131.7124254301602
0.0
-1283.6900607116395
-3799.2333934447206
-3752.224204398281
-2769.2114494643974
-5706.341889893401
-692.4317325666665
-4321.810621400483
-516.3465408869845
-1287.0425645209311
-3623.272063017797
-4741.451548610751
-4781.221383977029
-5913.791221956516
-2437.455176816634
-2780.0785306472108
-1391.6892551889846
-4545.778441697993
-56.81806141686303
-3422.5527775036876
-1724.0853752376404
-5467.19388482865
-3309.4912792866435
-11181.551618346244
-5770.937928057706
-4146.237555095449
-5859.9949450454615
-5295.476978354518
-3016.9720969355635
-1132.7453475325192
-1408.9809374476674
-5655.449365257556
0.0
-4994.545019188417
-3932.5012090312894
-3470.046424601376
-3357.914656719809
-1518.2042940957394
-2683.4718678881163
-2631.308924123049
-3844.053876251605
-4230.121382853161
-4259.991975345262
-3495.2496161970184
-889.1606783759875
-5741.88054367553
-47.589302349276835
-8526.88217905381
-1976.553076045797
-1925.548491540955
-2399.9006957006404
-26.51555352474616
-5720.997124550536
-2258.5050572386313
-2747.058112774011
-4949.405377619837
-3294.2061990068355
-4688.618110921462
-3098.9081617289276
-7344.673963732819
-1475.1781945843888
-3017.836998769485
-1334.8337789024276
-2263.635158112457
-2855.701123455494
-235.6528217549507
-2764.520315547632
-5242.192004098008
-2988.5231575072607
-3995.44417857005
-5664.243492635968
-4343.1278366761435
-3520.5190499586515
-5820.422883764276
0.0
-741.8277371711762
-3534.286778878039
-4539.628881649851
-46.2989448981455
-2616.8107346037714
-1304.989676192552
-730.1477613533254
-3964.54753937844
-5459.114266962094
-2327.364939173969
-55.09357563563589
-4391.374781827151
-3054.711038150272
-1980.7580384219023
-3865.1983344046434
-2684.7771160780603
-4732.02104185148
0.0
-4764.333738722015
-3875.417855152282
0.0
-64.0842494920403
0.0
-8041.88715738187
-1916.9182856051304
-4370.733967245475
-4450.86044427266
-4662.102166047084
-1315.9773632073857
-3584.6241015406526
-1805.903521812068
-3347.603924863791
-4438.213974232334
-4044.7434659307883
-4083.2286921767927
-2556.719032232489
-2291.951168310156
-2511.0687203018133
-5264.3370822278375
-1737.9908190172343
-3809.1505398775166
-4049.9463936423203
-2396.8257296357287
-4156.425757342852
0.0
-4752.905347949577
-2144.3824285124874
-3931.840085123266
-1285.4179488245052
-5064.1133761170895
-2496.445677604123
-1288.3226165110875
-2713.5679941569197
-5594.989532182354
-2921.458580914331
-4364.1573490712435
-5075.6236152506735
-4517.2706573974565
-5591.157324017839
-2841.088297888311
-4754.778710076546
-1839.46418475367
-2128.292464133851
-4198.757713368
-1499.2586521627081
-2231.8181837841043
-604.4744277648059
-29.96182406370328
-3768.6064618249457
-4207.349891376732
-1142.398791512604
-3072.5146010190174
-3136.267566946148
-1802.4625677418967
-5944.9786484641145
-5634.414617658138
-966.5165889230104
-4106.695267795227
-3884.694912779624
-4684.587931531334
-1967.2866871237961
-3774.0125351422657
-2772.197663350187
-1564.393698354224
-2075.200359893134
-2380.9201026695946
-1104.2799020326684
-3440.3055410675165
-1855.7718331248254
-1121.150634174445
-2509.5079583250417
-2396.6721712588133
-2589.110127019097
-3857.102312895592
-5298.844266593115
-1925.1459365197486
-7190.087270679772
-5737.493610832704
-1104.0158370987263
-2833.2895506477475
-963.7626927434774
-788.5426341187717
-3578.8854629413454
-5430.784542037525
-1001.8630608162612
-5794.070238301985
-2788.7913585406563
-363.22800675767337
-609.3168186821331
-3645.748985515843
-1053.0224106963947
-945.6214581426391
-3067.972468559796
-32973.8570003026
-3220.0626665410477
-4438.368710355899
-2469.8547004908205
-1333.393761549889
-4474.531304583043
0.0
-2762.6654823131475
-2090.8408808467284
-966.038294325344
-2505.8867585576463
-8816.979976990793
-3565.756870403506
-4827.831302750637
-2716.185986214203
-2849.7562516039993
-1383.0373294393453
-3065.166876504619
-2497.182940027335
-1373.4213867834674
-3237.9487629872706
-3089.4336274253283
-2704.512139611388
-3735.43551024287
-3222.0425553361642
-6860.894275388963
-2755.966155883155
-884.8283665941717
0.0
-3360.599719168982
-4694.924024225226
-6543.346111517629
-2144.5142936419243
-7568.20548564975
-4385.533296714556
-1792.5035111794891
-1075.3010872941345
-51.26337296806705
-3274.016495965929
-2674.769399527406
-1529.5288330864091
-3687.753214049002
-3315.2792859822994
-320.3361496084679
-58.59874551885996
-1537.70452599177
-1163.2526685898058
0.0
-5199.742147644544
-4856.690610080346
-5761.913913163591
-5882.544439749991
-25.647953982911154
-1356.5823581241714
-960.3008509323789
-3236.285740231796
0.0
-2766.129939032312
-1999.0464788492714
-4842.419843762326
-7408.866650744056
-1593.9686975784873
-2523.2123684917524
-1261.553307606636
-1688.2027595376803
-1661.148954027632
-1226.1666579563264
-2663.841656594973
-3950.63803590626
-1074.5052150589056
-5077.283963505213
-1835.878248170918
-2424.6529365293054
-1906.5174312677966
-6016.657328484313
-4946.424006354391
-1910.735497764819
-4177.771861680869
-3422.6796082167775
-3469.421985360014
-10105.600240762074
-98.47560756211092
-2772.0431739219393
-1373.7455467280909
-2145.197726860323
-61.696227483835
-3621.6629372927505
-835.9713629019958
-4660.524209861969
-2194.7466004062944
-2893.681920161709
-3952.4046113121294
-2801.3104130866473
-4166.125110322641
-1683.9021097192556
-3347.3135145861943
-3349.5786094089403
-3493.271009525512
-57.2978813855613
0.0
-3906.9087078317284
-3447.104167238501
-2773.8694923161243
-3156.3415080734353
-1767.293238955009
-2606.549940411501
-4596.210126245057
-5022.804908287086
-9503.25070742627
-2175.279257226558
-3691.0195890561718
-3976.71186113496
-3018.511422613375
-1480.270577439788
-1505.3362495648353
-5142.770880801856
-1108.32865637662
-776.5544053027264
-7068.5084063747745
-3805.412302557436
-3912.5063160421482
-1363.8713058582707
-5805.825285389387
-2113.658813361738
-1119.3453700829311
-864.7145795168781
-3462.727268295929
-1914.986265787734
-6477.749072821879
-2731.8280466952624
-3748.600828660336
-2193.5238596193735
-5103.608013582197
-1517.0308352199465
-4741.373117626494
-3773.3879465181412
-3228.7815919478558
-4178.25737487257
-4120.143413671948
-990.7600347280959
-1426.446219738851
-2349.632540240989
-1061.8375736586875
-6928.910154049821
-5003.95368560199
-5051.585715988278
-726.7324564657289
-2763.3724918174566
-3772.6970330834656
-2447.075037551104
-3190.5064549137182
-4664.497544213841
-4593.089732384301
-3002.903203630011
-4546.540967296127
0.0
-2158.502199502519
-4445.172954852969
-4271.094878167734
-3548.6681114530406
-14531.35743462921
-2300.523349102601
-11.619327768667272
0.0
-2024.8105101942006
-1766.17441637575
-1122.2501372037734
-3399.1874765958355
-4958.565889356612
-2299.567413779263
-4194.313215118259
-1226.7807572703368
-1649.4539677326352
-8120.821504063956
-1371.018723341316
-2712.405912204537
-4411.907688255269
-3795.4600049707446
-4113.676701292504
-2216.910371829691
-1813.6310667417745
-1595.6831114502827
-5303.720491590819
-2646.080273615603
-2287.30312619496
-1923.2777326110615
-903.5013613291485
-4347.998894690577
-5257.526377927217
-1660.79957806219
-2746.6109901192217
-2401.154768827797
-11338.391484376425
-4576.824873096248
-5336.4808829577805
-1635.306878650359
-4738.270918993506
-2898.4846215635916
-4644.272623844462
-4277.538200560352
-1360.3285475575947
-616.4866387703676
-4557.610798934362
-3122.8665219358045
-1542.8489943252216
-5575.84614297305
-2387.2893878948867
-1974.3310803100273
-4130.027676077041
0.0
-2156.317095490121
-1173.649843575446
-5241.3684994244
-4480.304032931973
-3984.924719484752
-2707.2305578300397
-2426.2252562761614
-4968.219309695352
-2316.833638179863
-37.022311453576656
-3122.3341282108026
-3248.8529431785446
-2903.184379649355
-2609.280055984456
-4286.349602261573
-5793.967987285639
-1131.1942230261259
-1969.9283742030173
-3174.7311265978637
-901.2518031423831
-3467.9785395699105
-4693.6180536943775
-4948.734485878629
-2439.387535050222
-1990.4033544328272
-572.294251671909
-4073.0671928054103
-1737.9027807565312
-1585.7011061383896
-1767.3528455780447
-4272.36280511392
-3003.985474461959
-3605.6966785998575
-4405.400825511523
-1523.036715441361
-2808.0317670122827
0.0
-1193.0153253039969
-2622.6926256578845
-3750.8685796036816
-5839.838833256117
-2883.3384138279407
-3139.489401053848
-4810.6867017541845
-4999.467267363203
-2312.3795787240847
-4242.166281165229
-2497.077984798463
-5422.999162748062
-3689.9386332372615
-1781.1623890755168
-4240.329480347381
-3869.093157089823
-9483.282799905002
-2085.5283430325176
-4791.209679606929
-1791.6579713988954
-5086.638475227842
-537.7067082564421
-6606.295758127336
-497.4265417768916
-2249.7253982661045
-1143.286155753992
-1971.5583503494672
-4708.744898527897
-3562.9617521273153
-3696.7434226535192
-1125.407446355696
-558.0953791879235
-3369.225087075246
-4541.641215158359
-4702.040558677831
-2929.924542847131
-3152.2119960583095
-812.4768108830714
-1517.1427156752914
