-5227.27459182474
-4183.901249917849
-4167.647631703362
-55.600551735725325
-3966.5574965371247
-4430.808049338109
-1381.9983693473384
-3539.7797276551973
-1954.5285273253462
-12663.327376209032
-3580.2126085597806
-1917.5906556446364
-5073.3939501642035
-3834.3453862206698
-264.3573032283871
-4573.564386402945
-3579.621789902809
-2738.3699216867794
-3138.2573035542973
-2501.1375676200596
-2729.3584475194784
-2421.9093988483382
-3795.014517743421
-4145.0415599997195
-1895.5880901218518
-3015.1335587459457
-2772.780573193795
0.0
-2396.7726116599415
-3861.255695023722
-450.75053446378513
-1715.9632610605563
-2455.3527404728065
-1070.7549370948789
-4367.470248086848
-2555.260158999993
-4132.020361759739
-3662.065193548578
-2867.808951703169
-68.2686584011399
-1378.7948597420977
-5132.827072947721
-66.12800778745478
-4137.313446047204
-5085.003328364934
-7001.811887835897
-1327.055695469507
-2381.166795506417
-3355.54288371291
-1598.6374856167556
-1047.4022981532935
-3425.726504190478
-1843.2287303511541
-479.8727162014727
-2591.6011667032058
-5332.2849505447075
-4247.5683007887565
-4989.76954660051
-865.0067782517759
-3284.0638750381445
-5444.024422183948
-4941.72755262302
-2332.2583708271436
-3076.863117128082
-2208.864852689225
-5667.845802267156
-1453.7159610087836
-3180.834922921105
-2397.76604990365
-1905.515244595972
-2168.079825386205
-3927.3522580294493
-2734.313501486784
-1010.9020869249671
-4444.554452124854
-6201.603638198768
-5158.680542214497
-9460.10239227615
0.0
-60.578443463982445
-2163.480335317792
-1640.2850228336508
-1072.395396668936
-3724.148721441241
-4303.347728752506
-5157.603880892402
-4104.295738019191
0.0
-5504.6571936265655
-1189.2903655327711
-4347.8369627933025
-1580.9464185125585
-5307.884287260304
-3345.6604920359237
-5021.440846736959
-3122.0793055964896
-7610.1381073177745
-4755.545125143565
-3852.897697798108
-1876.70087434968
-4191.620353223522
-2309.1451781061496
-1504.6600237848395
-3887.531544483765
-594.5336705126759
-3819.5707435334293
-8633.213218129315
-783.2914857437014
-2566.0406723875644
-4851.173044908172
-8310.90739948855
-2993.572469370952
-3217.967034145692
-3799.236909398754
-6581.330059017393
-66.49972228489878
-3700.6182243116923
-3946.988405934379
-4784.918033360898
-1289.510013919203
-2105.7226922960767
-2069.525297435934
-7.158163694350074
-6367.783428401633
-684.4470636052904
-3046.304828067669
-4205.878156159658
-2372.2127857382197
-2905.2401503456413
-1894.1735387141966
-5699.148895736481
0.0
-4504.831921330501
-3663.533659716985
-2262.449063416797
-4935.100919669438
-2919.794130770025
-1754.4166591747235
-3711.8435948501588
-3363.791456928678
-906.5507662765483
-4810.856750355104
-3591.9448169041707
-2992.235336795472
-1677.6162658316086
-3440.3490529984592
-2822.1947767193383
-3352.477493917381
-1734.5193369759925
-2627.1302979851007
-2497.8162735090864
-2533.9637125794807
-2043.2877235615822
-3176.6806457053312
-2885.9192772013607
-931.5476313895181
-4741.616869545734
-4938.760715280087
-903.9396494895864
-1285.721058240708
-3238.2424621642836
-5312.587276526037
-3164.716231916874
-3613.1927798983693
-1958.8707509851063
-1049.1712411944866
-5755.729018990835
-452.3856572249954
-360.58851783382676
-2828.058049800514
-4543.522603406467
-1540.488113845804
-3251.7720466824
-2193.1205610752845
-9045.333741123257
-1731.5726046832401
-5116.762719297147
-2669.4379024877553
-4498.040994532318
-3641.1092996023226
-1225.246223543129
-2494.688832932633
-3071.3929201686074
-656.433477224038
-4178.58978140409
-3175.4856280568692
-2028.4886109913316
-1259.0853073231617
-5093.029942810589
-5036.7406980531505
-1337.6441966350426
-8193.250648089564
-3352.8516973853143
0.0
-4471.67025743672
-2106.407386887055
-2004.6878234795347
-2014.2858786149286
-3180.561300837347
-3135.8717792677917
-9589.367054271808
-4177.589455033604
-4903.4238447126445
-1446.865702246852
-2570.149814569126
-1742.9102078256872
-1340.3076740193717
-1930.531795372138
-5803.815940834449
0.0
-4687.323855720636
-2831.1972862720795
-1235.3898296229327
-2452.073145111572
0.0
-960.4111492876217
-3639.194963188272
-2747.7834696258965
-445.42535923677866
-2816.7179076877155
-1939.7528461065558
-1522.1109154885976
-4616.112195111345
-2840.4224360007015
-2722.5094648692057
-4300.46722465404
-4119.933845152591
-2494.8047022655132
-4032.7313977335853
-850.9452360979209
-2638.927694621889
-3201.601314156702
-779.2509370055232
-1959.57911421221
-3243.127543925895
-2343.763426950418
0.0
0.0
-5574.853103758451
-4206.583710895382
-2714.0729986690358
-2506.086340908653
-2910.232705692963
0.0
-996.0442321004749
-3486.2784752586977
-2685.2121261396787
-3417.9630563970213
-4444.787303395715
-4528.2040411457265
-4807.814440107276
-868.4755768394424
-4301.790828824418
-2447.642060232319
-1161.9480197193113
-1622.279583060734
-3930.68737831393
-1670.095509762002
-4035.7519457425788
-7329.312075782471
-1480.2416913395107
-1625.333309392524
-2727.1547640558606
-1186.6353078249363
-41.73753320078386
-298.90666785140735
-2663.2308302870542
-2793.8893881270183
-2044.935850592197
-5341.860651778352
-673.8359640508769
-5090.927193974959
-5048.780764815345
-3777.187573207036
-1695.895355684738
-3073.4111446223023
-4608.469521292951
-881.3420831029181
-2205.143487414265
-52.37193498447529
-3422.8646812640286
-3257.1410261263713
-3724.1979706031184
-4757.813729169111
-3765.1622292393513
-4787.304171545528
-4304.402508148737
-2248.7538985395795
-4858.517280614731
-1440.961680120598
-1309.797966767333
-3720.7048446048634
-1822.3948764874613
-719.9389820432166
-1948.286397222245
-1023.5613715002984
-2907.0005597958584
-1902.0112426323317
-869.6679154378317
-1163.7315245048567
-262.44227735743556
-1238.32582823354
-4974.872523932116
-68.5090403681904
-5138.264799824799
-2751.2348808408187
-6746.693709517504
-6380.297928124833
-7.874984271280402
-3705.5041559883534
-3069.6283188025036
-4434.359222519836
-8234.751195694045
-1603.877711409457
-2492.885910333818
-1641.5731059728087
-4021.244720958
-4420.795963799532
0.0
-5509.591484502291
-3903.679051340028
-3277.3872816725793
-2674.5405722041332
-2815.851201087427
-2481.442984128468
-5076.709509758403
-3503.626435474909
-2627.7352469380708
-7.158163694350074
-3583.7817129097334
-3416.0972788619565
-794.2218756344798
-2491.4899207569506
-5413.350301288322
0.0
-2003.2791883889092
-2325.114526613705
-4238.862600222448
-2552.1415936710855
-4132.209979318474
-6286.08846876287
-2469.4198526976825
-2956.5545963100676
-499.26986353574296
-3706.436180280551
-1017.1616142536029
-5301.1158964393735
-2453.3627321009185
-5087.775969573071
-2922.748150659654
-1365.302781455261
-3299.760859548543
-1512.2030344249708
-4933.289556339779
-7595.825406051628
-4128.319059383572
-691.1174481902788
-2974.171703914015
-2915.286636725442
-1839.5009556785737
-2099.5366044829093
-2207.1972661623954
-2349.4156073261192
-3577.75033639509
-4035.7362325831573
-2406.8205421570747
-5268.220435617257
-4997.04321125006
-5035.1719440522365
-4746.299098163453
-2478.346926236377
-5140.8508542974105
-4021.436379153325
-4504.568055363851
-3462.8119300307208
-1593.6344354739051
-832.6005333928081
-1076.9999276843796
-5396.378313386439
-1890.2167304586917
-1151.8291283713936
-3199.634730982088
-2221.633923079924
-3521.402395104637
-1739.5646662241816
-3525.700092227593
-1903.8376309223202
-3909.2087677868008
-10703.679231810547
-3713.930584098069
0.0
-2604.641529351836
-14993.199821039347
-5030.731794822846
-609.4785284963654
-50.30106254257428
-4778.280626059462
-4776.292083878504
-1867.6770051648716
-2698.135341378623
-2651.2332200368637
-4797.454200634531
-2251.4928550187788
-2347.5242313133167
-3704.8683626481866
-5082.373224464687
-2690.368988846824
-2963.743101334062
-1992.8616806600844
-1345.4420371982226
-5431.9416424884685
-2420.357265720874
-4297.467699773729
-2929.1574739088333
-818.0609668556751
-2566.650972901991
-2987.0628352857893
-2046.8145177453105
-1265.2365367116668
-3500.1688873143485
-943.8562096088433
-573.035645436868
-3232.9151772483046
-3268.2216228120174
-3787.2055422715353
-5342.91459006544
-2896.9110832047886
-2564.541693132529
-3173.7489634038593
-6167.208830747527
-3283.078831254432
-4601.472582645593
-3528.1232568207724
-10024.736778216087
-8276.195091989597
-3538.1272101812838
-2274.143374113036
-1026.657402483796
-2360.1733222693906
-3104.9189112252197
-1904.8116040823277
-678.0538307746225
-3569.064013923868
-1987.6822672183896
-4430.781053300765
-4620.919105021653
-4892.923629354346
-904.6920846791113
-1265.7211088044685
-8606.522233411826
-797.8628247259012
-1798.636685846298
-3325.759594769523
-5076.288188300495
-2792.4984307585364
0.0
-1585.4549178286065
-1029.1294067902868
-2845.8442968137842
-4388.725238315321
-2527.3036147539156
-5161.751853695804
-4393.902161887001
-5559.550168690258
-2364.7304265723387
-4067.903022040966
-4517.042870933503
-2673.25898147086
-5503.642637088362
-1270.399173122699
-2381.162470608568
-4557.619591543425
-3851.4990144638455
-5476.54384500937
-1187.9881285032882
-4094.9430049559214
-1003.5802814885523
-3607.998748506979
-4818.263928811578
-3942.2976975953097
-4875.492746843764
-3508.297432377276
-3866.629561134461
-4118.013377060205
-2247.0674914082865
-4853.334983472146
-7739.026768752435
-4533.817392823309
-5393.357755959688
-4338.6061027556825
-2519.2713516179438
-2222.147406070796
-4265.70879323496
-3837.0426696253503
-4182.27691319633
-4968.242262399026
-2815.6704006910672
-3757.5804773843684
-5809.185989484574
-4671.356548337274
-5070.102168566661
-1822.6430003795683
-3864.600604737571
-2345.3225885152547
-820.138712133341
-2668.748061710381
-6930.738721280283
-1351.59758656419
-2974.162379359268
-5556.883607861134
-1028.812389367486
0.0
-2426.9883651970645
-1918.272780212519
-695.0837863352958
-1658.4693921991777
-2121.7426874259304
-5911.202823005975
-3526.246285784088
-1620.4364001049698
-4215.254029312946
-4653.177290986128
-2628.582297645691
-4843.971651167225
-7810.466742348509
-1918.6783938752242
-4080.3747086001804
-3692.049486278709
-4545.850552580294
-1028.430891512291
-2872.4439691700686
-2320.302818298523
-3339.325151463625
-5459.460132984035
-2453.8066101923564
-1043.9054642586239
-1151.2547749207938
-3827.9092564548196
-3808.048303729518
-4946.973048617253
-2595.350297688881
-1373.2633226159378
-1404.612736791948
-1313.3245347887305
-1392.425388042078
-1967.1976578682556
-1632.1581800563556
-2645.626883656846
-3269.629697238577
-2827.8383464204144
-993.3874546380596
-6380.680242343469
0.0
-2368.880756149586
-49.107633710037256
-1020.6007120022466
-2933.415607925821
-1723.9147900411974
-3673.1369951994807
-2744.972636519791
-2155.955938065677
-6748.319642661056
-1760.1254546387734
-7273.289374225231
0.0
-3341.826025018865
-8.205982871881822
-55.58028106738451
-2140.726793528414
-3845.036185237284
-1992.9927817065966
-4853.606818945874
-2489.8687814703176
-3036.0705170025426
-3432.1169523805966
-2261.294127176327
-3648.9996823962115
-3505.3894173759268
-3992.710550688897
-3246.1190450331574
-3429.8846981514157
-910.0684177085373
-5082.186478355665
-4227.506673169288
-4885.81105204855
-10383.371558223442
-95.87843612879954
-5497.635211263906
-2436.1621274112304
-3052.1868740862
-4536.284910629869
-3597.414043730422
-3772.7103362793573
-3283.70590191928
-5855.649423296068
-976.5562768267536
-4297.942288313812
-4755.984991906819
-3594.6621567166053
-1416.5491647262018
-1671.4282259528889
-8406.609187128533
-7010.969249207169
-4274.793492635806
-3250.8957430384035
-2280.398802295511
-3986.223256373475
-3956.6554309139156
-1629.0598285189699
-9059.76055596513
-1142.6933865115104
-5850.393631011222
-2895.159386528183
-5060.826577118144
-4916.693006011671
-2870.1570109615573
-3545.4597709035884
-1479.6591477146019
-3198.0209708508014
-4728.521423863622
-4349.596848338084
0.0
-1808.1456568900264
-2939.3853076238242
-1241.668293416641
0.0
-1378.7742952628737
-3547.426560569221
-5273.859201131299
-3970.417074859964
-4533.89601396793
-335.48971880803
-1038.4749746404743
-5048.375478655355
-1848.7515664394698
-17972.22213229812
-4801.77927372101
-1136.0798122375459
-5180.405125090441
-1091.885611454634
-1002.0297436898683
-1069.8399943710633
0.0
-1219.6354250260545
-3697.4252346264398
-3661.023980249057
-2796.8136586344904
-5691.206057246789
-659.33833166064
-4237.323649158355
-494.6536938210341
-1210.271657321358
-3574.0567569262116
-4653.2548344902325
-4703.960711399396
-5854.052873830197
-2387.87750822627
-2768.459376027599
-1384.828472634314
-4439.935471407275
-57.331389647928006
-3414.3787555867198
-1696.3930237702787
-5430.230086290293
-3162.60428312277
-10987.852106314684
-5783.536660258301
-4090.1114143450577
-5820.104393695772
-5185.317739077047
-2951.604502386867
-1118.2201365763065
-1372.8358483121551
-5555.258751600817
0.0
-4898.392837165019
-3853.6123511368783
-3456.634149176769
-3172.218288807244
-1490.7708159304764
-2642.550489747625
-2509.3697217796694
-3815.0626674983355
-4103.488766015555
-4263.750059119185
-3334.179794539806
-845.9321669519514
-5508.586515728828
-49.119077718231935
-8461.267383115892
-1942.0794446490063
-1789.803284455537
-2368.7918691764253
-26.083880074550155
-5575.508150268627
-2146.9977094814985
-2749.250156506584
-4938.399129603084
-3275.2544365241984
-4672.172928513798
-2958.4813300431692
-7326.657225376204
-1365.8498820379855
-2983.40548945538
-1204.9146330042563
-2232.125480803131
-2730.0540780009665
-234.73929175232084
-2662.480039061991
-5252.025731246098
-2929.2242608072775
-3959.508749048088
-5633.879633521796
-4346.775782549582
-3512.191978246395
-5696.649141944476
0.0
-714.0593047971195
-3405.2671300635748
-4504.025371793322
-44.740163439695095
-2533.965625917249
-1266.1901490146072
-703.3504686145274
-3962.7338864916387
-5437.68208272598
-2122.637337494703
-55.371529272398234
-4376.0302566701
-3011.688649200687
-1798.1567418188763
-3754.922658016472
-2631.7421167081397
-4576.313986273517
0.0
-4803.105486139033
-3841.0694900047797
0.0
-61.47846308901965
0.0
-7904.224123909005
-1874.2796207336494
-4217.587946089058
-4234.998581247794
-4644.696328748135
-1250.3498954514023
-3532.7557170232612
-1758.1036996683742
-3332.934355124582
-4319.007221126067
-3921.3907997513793
-3988.9125963477322
-2526.3136332990885
-2249.588445952544
-2527.6363906359516
-5159.33623942578
-1665.2435330499798
-3702.0875254726097
-4083.4063719522956
-2359.8494855524905
-4155.778503783582
0.0
-4751.440039029726
-2087.48898336731
-3900.341837389691
-1273.6203409701025
-5030.863194238477
-2469.836420927899
-1231.7583190383975
-2692.030880280122
-5487.263887379238
-2891.8779441495435
-4329.013861404522
-4995.739838844625
-4506.720004189959
-5539.012471976017
-2759.3016947175443
-4602.430037450802
-1835.257055239927
-2104.5972834006375
-4156.6753106286615
-1469.3310815784316
-2095.16742786431
-589.109828872525
-28.6020690877513
-3724.420156896124
-4148.599916735401
-1103.3245643565856
-2875.202631209264
-3154.788888022027
-1727.437404359953
-5933.678034351989
-5632.562110172005
-904.7333046808569
-4050.8352011061447
-3766.413445047783
-4663.383872452377
-1932.7649258303875
-3750.396976283512
-2729.2178894940776
-1429.077018130167
-1975.2769829968074
-2234.7760571347835
-1055.6177012885817
-3405.677312712703
-1786.2279622085955
-1103.5418600851137
-2369.434456761474
-2351.686098327029
-2546.622193652659
-3802.821307115886
-5301.677774869021
-1840.6013706055085
-7102.491222154478
-5727.254445308167
-1068.8641017812424
-2710.3954325239174
-929.4782912180698
-766.2524628503342
-3576.0544807189585
-5287.97410837982
-928.5698172445664
-5720.16172123708
-2759.1586058257267
-347.66495381620524
-584.4693127676295
-3657.8169546649947
-982.5648568932068
-907.2636823240234
-2895.443998839107
-32271.02350339543
-3129.519469818669
-4380.636303464535
-2415.7173365783387
-1296.240554704481
-4423.601891182015
0.0
-2570.275768469985
-2032.8457584358343
-910.6606019028791
-2443.9904822598137
-8659.819179188968
-3479.8223990078573
-4643.11705657499
-2626.0105400024354
-2798.903154871793
-1323.7340213119785
-3048.1688139436296
-2329.354754320043
-1355.900270564336
-3158.2672552057197
-3071.9334752572863
-2658.7439459901702
-3812.4386169731392
-3201.363180231567
-6733.619921871513
-2630.10882050534
-820.6154624814862
0.0
-3269.41887786115
-4623.872464179473
-6502.10951077854
-2134.5059513988235
-7377.355865423641
-4171.25192052941
-1813.7056375769541
-1010.975805538586
-49.42585048313332
-3178.534328500538
-2695.747554244556
-1487.6906075828294
-3633.001124321465
-3210.5205674904764
-306.2519962785646
-57.714396256549804
-1529.3138006303554
-1148.5007217227676
0.0
-5203.8878498479435
-4819.199049590121
-5565.598348033499
-5793.883966078049
-24.234028905653762
-1331.3457763243234
-952.1110196677115
-3224.8297848708266
0.0
-2686.7603315334077
-1963.1908368761517
-4714.503030088298
-7340.134794626616
-1554.3899192944432
-2445.0527812605637
-1195.4547515523316
-1654.7707573907521
-1639.9456376411633
-1186.522129868924
-2679.406430917625
-3912.2154555025377
-1050.9637041662472
-5081.528239498766
-1837.220128735143
-2302.9872389751745
-1887.6370158562893
-5850.36649475897
-4777.250557484495
-1854.157306471184
-4067.971253959927
-3340.106667672486
-3408.1215184423704
-9882.465545888608
-96.57580473540987
-2736.337161322603
-1332.5344379291905
-2071.250998121174
-61.97037834183647
-3596.121575033965
-811.1754228710143
-4642.956186880784
-2117.218296915839
-2714.998312320497
-3780.742134253459
-2778.4557520736103
-4099.739702048159
-1621.1626461825888
-3271.4652445908387
-3297.4325738348202
-3473.0166427834747
-55.06785930754722
0.0
-3903.012339867288
-3386.2324843874017
-2693.041261558885
-3159.1964582158794
-1711.3014169767262
-2559.0731979635293
-4581.934713936999
-4996.209006271378
-9408.036115597679
-2047.6158966756295
-3635.6781480590453
-3801.346995068182
-2945.1975727011904
-1441.6081752404875
-1495.3869810820543
-4966.203206383084
-1094.0656823251209
-768.8783915726578
-7008.578333210088
-3773.32488004177
-3825.825525363613
-1310.9664328685426
-5712.069522885184
-2088.0631690023665
-1093.599891185388
-836.7344679140464
-3466.7353551325978
-1842.8331258006183
-6383.454265576749
-2560.3363597742295
-3684.4918441139675
-2125.6240064702733
-5109.973104963684
-1456.0033595682069
-4737.116826939623
-3667.4802314296076
-3195.450846285563
-4195.956390867963
-4138.210709137268
-928.8588860386793
-1382.1396441304266
-2253.2207392952564
-1050.8352752101255
-6834.399859519011
-4822.467452932583
-5016.887570719306
-731.2238976838175
-2771.040866943569
-3714.41596855765
-2387.4186752617543
-3140.6316313220846
-4614.811943327764
-4506.329779370098
-2937.3775893867796
-4532.9928076847
0.0
-2121.9698636156386
-4426.201614928071
-4256.611200661485
-3524.3232963887413
-14409.666913854639
-2243.5046680219443
-11.472195489250335
0.0
-1919.3987650478414
-1741.7801689085247
-1101.9690939969416
-3332.099525896217
-4973.030899501599
-2164.258458945332
-4133.737926431271
-1211.2847034829708
-1634.2766171650003
-7977.317163949826
-1329.5234834509615
-2570.682122053844
-4347.364650163434
-3692.1154048898584
-4031.4236714500544
-2182.752645728813
-1794.1739816751838
-1437.4568410119277
-5213.468766280126
-2657.205619846767
-2212.1850514303756
-1800.2802322885098
-858.0731205331386
-4281.1152268119795
-5026.369490409546
-1643.099413504646
-2736.534248242338
-2338.0064533370974
-11233.424461542812
-4579.6111627190785
-5326.696358702222
-1629.67351392547
-4578.529166664242
-2866.4250913441297
-4600.378062534255
-4188.838014766504
-1310.5316584817674
-564.0183251913969
-4491.702254020697
-3100.9092659210105
-1478.6043989650457
-5397.367030644521
-2378.088779035257
-1875.0736654381126
-4071.9165381396124
0.0
-2100.177256438747
-1097.0656025853054
-5103.163822980472
-4377.615648972265
-3931.9316091369487
-2605.393210368087
-2317.229515514303
-4978.120732329111
-2331.050641009956
-35.76823045393117
-2970.6781634429017
-3172.72744264055
-2791.698700270589
-2507.6371137188735
-4191.516595400129
-5750.758626987217
-1078.147881235441
-1973.9830883779998
-3099.1197707485126
-870.9510987489447
-3374.8709864841135
-4703.1942611679515
-4956.2596923168285
-2275.8973274695763
-1963.2934928030884
-552.1171684223112
-3910.688430100648
-1644.529237318437
-1529.964419127902
-1680.790078404175
-4212.3407759894
-2954.6789797268
-3447.055764399344
-4288.838642698019
-1518.1094083471496
-2698.792670999364
0.0
-1129.6834882811427
-2551.1586976477697
-3634.6675134317
-5809.080379820491
-2759.3363565744676
-3062.9305118272337
-4747.604129360309
-4792.998604937095
-2195.956684351379
-4211.531532992513
-2413.99680404058
-5454.603026569917
-3549.2386072175595
-1735.2441596979772
-4233.721683162225
-3846.8464559325503
-9442.212744707924
-1956.3269135434089
-4804.70662702804
-1716.1532500225292
-4927.881933076358
-535.485527967427
-6521.545719383607
-444.6887518027071
-2218.641207032452
-1089.1008194724322
-1938.564353497538
-4626.56914566178
-3487.0569964069177
-3604.7238236338303
-1081.7693750564777
-515.7450271589462
-3299.029630358598
-4482.244439630412
-4672.875417938801
-2735.315223043924
-3155.420166853678
-748.350472336627
-1500.195644589664
