-5522.746416005613
-4258.3804574428605
-4232.052488595273
-52.39849448010486
-3949.5024782320197
-4704.061205061105
-1455.663250836842
-3674.3598242430658
-1971.6144014865822
-12799.98773052175
-3582.8658521170455
-2026.7061591550232
-5295.044991395723
-3908.955926623849
-286.19962110373183
-4665.591926990658
-3811.248609753571
-2753.6526802060457
-3236.928848468841
-2589.397089736891
-2786.8816850340813
-2468.529332662008
-3959.4648032442274
-4297.816993510164
-1991.0116472279256
-3075.9953512684115
-2822.0122014302633
0.0
-2451.857126245132
-4108.532541098375
-492.27012825376954
-1849.7231561123833
-2544.942330392143
-1165.3199028079853
-4677.729593013711
-2568.1132282055064
-4216.780427420959
-3891.9988378942553
-2933.413804673709
-67.05694891838311
-1600.747027830489
-5201.966600337352
-69.5366255243691
-4173.901509480469
-5328.678011089805
-7153.787562105618
-1350.7004399446766
-2413.994278474676
-3496.617901018764
-1628.7241329282788
-1124.8655643020295
-3684.9927087330543
-2113.1802003844805
-522.1291847602156
-2771.1777197161346
-5613.4130172300775
-4272.73995323933
-5282.49031569818
-947.4845649705549
-3526.979232598508
-5648.835760727212
-4958.730058747281
-2492.3802575799446
-3240.467383216589
-2249.4819431026194
-5926.177507561555
-1467.3031626756897
-3264.3156947313905
-2555.418772510012
-2006.7163267974431
-2378.494532880176
-4067.0557705667557
-2974.1858189074173
-1079.9991356857352
-4562.590432493002
-6192.471460342868
-5423.238095500741
-9434.247076041276
0.0
-61.9703504798431
-2329.733537530852
-1688.446663763232
-1144.2633303005293
-3797.3328502783893
-4550.818691128152
-5161.716582226278
-4095.381483594484
0.0
-5527.644082333987
-1280.2539103184606
-4393.256111385295
-1601.3389328903772
-5326.333303303189
-3406.3014510119538
-5283.247950106171
-3379.083175080531
-7938.756845348625
-4956.838572740578
-3882.016392680783
-1943.535410772602
-4175.017730841618
-2549.4700418129055
-1545.0570610590582
-3923.4009038660306
-626.5330560276944
-4101.275634195145
-8622.226179429577
-819.8894929339638
-2682.857671980208
-4856.2906170365895
-8313.011570009165
-3003.1120937710157
-3399.1690123445974
-4042.2324339266065
-6857.69244655468
-66.80394831600785
-3776.9531719758334
-4189.235787139343
-5058.012164961326
-1303.5006004197514
-2126.282860528592
-2093.942764863971
-7.164914205877547
-6442.046509966549
-781.264032317388
-3082.5854015257223
-4433.64165689407
-2646.579331213961
-2973.5950139776323
-2024.51868462414
-5686.597792933018
0.0
-4759.001777858405
-3883.97168906873
-2478.6528577089116
-5080.522037459048
-3216.640710114089
-1802.1378432797383
-3892.8512513803403
-3412.8121791211884
-939.6346655461493
-4934.65686347165
-3726.333297786209
-3178.6773592083096
-1746.104781664369
-3577.4997064881572
-2929.610188347499
-3609.78141776737
-1805.1935487897056
-2820.142155973424
-2610.2894433574907
-2569.514593000012
-2121.180543003108
-3312.603647387321
-3111.917199998063
-966.9420774712688
-4804.15904823573
-5022.654126188514
-989.7239399573263
-1365.1830009221362
-3306.7619478506695
-5570.76878119057
-3220.271468145799
-3706.4823507426486
-1986.956489242704
-1098.5423745804676
-5998.090209881404
-485.63722796937463
-365.9390465121702
-2856.2418604182812
-4593.791043278127
-1548.1158848103257
-3512.875786617313
-2341.0384079253163
-9041.048301006173
-1825.4671519241977
-5426.527839600961
-2727.250649866525
-4546.565088939138
-3819.2395193076704
-1297.6579580720518
-2640.873416605654
-3347.2637739579104
-670.3850362949212
-4214.159134966315
-3206.4199855222196
-2201.664714765899
-1330.3345462691777
-5208.019766086208
-5087.072801613179
-1397.495999686238
-8185.025387253967
-3642.4437933506306
0.0
-4554.958592083849
-2140.5043083579435
-2154.0738803952368
-2123.8008473326886
-3199.620525194421
-3114.8965663956806
-9944.901841991477
-4243.528088114617
-4902.853086265273
-1488.37922094956
-2817.4460665397264
-1777.087681126701
-1439.75015493582
-2002.7081024346528
-5832.101555318383
0.0
-4980.863063853567
-3062.3151729432716
-1286.9250297391852
-2489.438554739258
0.0
-1026.532182547148
-3711.5772221619986
-2873.4169044677633
-455.272786438499
-2917.470612181361
-1994.9736231973766
-1579.086315970351
-4842.040286607615
-2960.2294145906635
-2894.4123172814343
-4360.306672761502
-4167.694971585031
-2672.3667761954484
-4329.935784369486
-864.8526773315704
-2728.65489864996
-3266.0300821180854
-855.4521511330043
-1979.5846503234823
-3401.9291319182335
-2504.257076809935
0.0
0.0
-5725.8753901491045
-4292.614038111537
-2740.290298269193
-2633.558144874418
-3090.6990901259405
0.0
-1054.3024904504653
-3529.256768467844
-3002.7477886206925
-3575.7636036657427
-4518.922574619071
-4602.687246629537
-5053.567287914089
-950.8144121960077
-4427.997614276016
-2552.8843478465446
-1195.900278252055
-1655.3125218973137
-4187.625862106272
-1775.488511657806
-4153.136344447024
-7324.9648326100405
-1518.1108671067232
-1624.1711366683803
-2896.7268050126463
-1239.1800617157478
-43.754482472847904
-325.71892122605254
-2838.0922292546616
-2892.436923428721
-2061.8160173578
-5615.146617507313
-686.6113922513898
-5154.964576498362
-5130.985532834198
-3821.4775191817075
-1759.6412220609268
-3096.618497653407
-4909.381279253953
-912.716639396211
-2392.353364458598
-54.650906930101826
-3547.5010194332062
-3332.041521101798
-3862.5952694709013
-5094.4627545879775
-3854.875425513483
-4893.317638179067
-4423.952220981446
-2468.87730524102
-4952.82316633915
-1522.160882449835
-1373.1341599153834
-3804.558582171727
-1865.4886442792642
-726.6051215227042
-1970.2690962836275
-1039.2565201299844
-2970.388886334992
-1974.5098207695437
-897.5168232715038
-1172.2575453077934
-285.2672709491973
-1246.2252841327986
-5178.374841126772
-68.8923279797821
-5379.9092233206975
-2766.1713234189187
-6884.199724656775
-6530.938726717128
-8.142908352937667
-3772.0489531777075
-3161.9591884292167
-4716.445782159807
-8549.064302493702
-1625.0112480994326
-2570.7843734517387
-1744.0979218600662
-4126.670977017527
-4717.103398132322
0.0
-5560.500237624726
-4159.811395010268
-3335.7103386033796
-2737.418378860508
-2954.5124079337766
-2493.4101766680933
-5349.845796266919
-3725.949675898644
-2639.9018103856893
-7.164914205877547
-3613.6174809708846
-3498.026873446253
-856.1963336465998
-2680.996774698683
-5442.934162066333
0.0
-2234.593284061658
-2394.0818156054816
-4352.286970470781
-2674.9360283383267
-4218.933484065051
-6267.44611159568
-2520.247271836909
-3207.1924972613488
-585.3793860937282
-3973.408090343352
-1029.1049591200103
-5388.025735431624
-2766.2173511994993
-5231.259981942044
-2926.2887245843417
-1445.9331138141922
-3341.153189212785
-1537.1205700348457
-4979.189878914653
-7777.546707099732
-4214.492189563387
-728.2056238854824
-3146.2468228366242
-2973.021447096316
-1890.5215133224908
-2206.3061482248945
-2392.058150374777
-2481.175069232883
-3741.738719226937
-4065.655114369089
-2576.389091219359
-5312.323106572317
-5194.27323368156
-5167.453538301061
-4829.854291540695
-2564.7115169049775
-5439.130335541422
-4076.0969655865774
-4721.311217397385
-3536.438801383845
-1760.9391405560607
-885.5042875450051
-1105.7235624403233
-5477.142180602759
-1934.9476043358243
-1217.9293586142855
-3415.499875905552
-2250.973397737035
-3777.2118127498547
-1766.7578993322427
-3595.6019607399603
-1944.5756268292682
-4009.1062090726773
-10952.243692654596
-3776.039536592272
0.0
-2840.6563674320773
-15357.803640673921
-5276.337252791354
-616.9736414647416
-51.218109114259505
-4916.235620448551
-4927.854533326471
-1896.6137103896256
-2781.2482042134616
-2799.231093368025
-5106.129319677514
-2466.307076598871
-2486.3520268455864
-3748.62005510878
-5348.605266654732
-2672.846334513319
-3023.9260940791937
-2153.3957659886078
-1376.3000005488555
-5710.722940234902
-2521.707237005948
-4326.948933567086
-3034.296020958118
-852.6137479815144
-2633.644696583632
-3004.9481669504826
-2157.1811617969242
-1298.4399929171361
-3584.4887352279284
-999.7940216795644
-624.4951818688143
-3357.7829800475483
-3445.462995816627
-4066.730742381705
-5475.233180747725
-2962.135808370463
-2747.142916443542
-3225.22089045864
-6281.240337756185
-3288.436617262812
-4688.719497652344
-3623.6211005153878
-10619.465971416259
-8313.118481534511
-3561.810598097833
-2487.340437200826
-1030.0793846769402
-2403.6650514129224
-3303.1446838069664
-1976.6678489490203
-697.7827629844111
-3779.097759793155
-2032.3453685600325
-4496.800587997111
-4621.767523076484
-4961.800068093283
-956.2800987320686
-1375.2740647042228
-8690.857510105763
-839.0704925511105
-1824.7153372675182
-3575.9829539797024
-5117.395732223384
-2801.4771917270414
0.0
-1608.3497592691015
-1041.9043308067146
-3140.699325886636
-4687.962394673159
-2804.901208678669
-5558.268964876132
-4440.064494919886
-5828.101221285603
-2362.5881312760407
-4199.815620657004
-4616.570658586749
-2724.2785687978862
-5665.388091039582
-1337.0616821471535
-2417.6222500238396
-4843.015156671192
-3863.831762668229
-5740.143554035005
-1219.457605244538
-4128.122019217297
-1024.1877640955602
-3632.511060728245
-5083.023275904676
-4217.484349990224
-5068.331595002593
-3758.8506226997224
-4115.1362230774075
-4355.281387782931
-2450.0710498072926
-5049.794558376862
-7745.113593984648
-4797.783162575064
-5635.663850591116
-4392.585803639238
-2640.8898379796537
-2420.4174963126325
-4354.615972387042
-3884.135061002324
-4190.3870907443115
-5055.60732871391
-2903.4738660902244
-3842.3749873157326
-6017.032587431382
-4787.504139641396
-5252.619506488751
-1822.8738676028106
-3966.070923748082
-2543.1310563179723
-874.3838893103957
-2837.333957630707
-7320.045266895879
-1426.1693712175115
-3072.634895535309
-5656.328373591882
-1056.687107457469
0.0
-2705.5613872412946
-2122.1690321699534
-736.4454732066437
-1696.5685924001755
-2337.941878082258
-6056.289958829479
-3586.929826793398
-1614.3433066742955
-4193.733613175194
-4941.641130493342
-2837.475105373659
-4993.724482165918
-7929.577000670979
-2150.5568650211326
-4083.427841556628
-3944.8331481352134
-4670.752773660052
-1204.4903273522712
-2972.292562150257
-2593.564634619573
-3384.293708431352
-5711.654417282862
-2498.893498010319
-1056.401684192811
-1253.7894386695054
-3997.5786678829486
-3947.7018447448168
-5037.222225768499
-2679.756790099631
-1446.1742438670653
-1494.7944059984122
-1346.9563841837223
-1611.0187172105298
-2157.8363852474577
-1665.9541074967942
-2707.475509283929
-3543.7655962016347
-2899.4650279351595
-1076.8769302701198
-6444.075003029666
0.0
-2415.7926473320467
-48.27422815447724
-1055.0547039286141
-3114.4848923352033
-1710.557375112099
-3896.740978196772
-2827.6050231157833
-2431.3032463485247
-6728.476401470981
-1836.1029707256475
-7388.730446417607
0.0
-3357.405418112347
-7.855214225830244
-56.34111511520279
-2284.0858955538747
-3908.5579773299714
-2114.097871969369
-4875.252167234525
-2626.2426366163118
-3153.080092692785
-3580.0659094491375
-2526.8984004318045
-3702.3749381287903
-3504.4361860801096
-4138.3121934968785
-3551.820956863987
-3417.9468650159665
-931.2570398381777
-5212.787862772862
-4518.012232110509
-5094.053584655677
-10534.767235617686
-100.81842488312574
-5650.8130223903
-2499.930794049025
-3105.11508620994
-4870.494204326931
-3623.9824772160478
-3923.0653324650507
-3439.3040682148176
-6098.875585018639
-1171.1036847187222
-4383.661004993627
-5007.05898187959
-3574.8934434830035
-1596.62580237343
-1715.501075114454
-8397.000948879919
-7212.621579878876
-4397.349451952162
-3319.766650541175
-2346.63628101249
-4005.4499666674324
-3996.655542477191
-1714.2419252830227
-9184.14804278486
-1244.1539923712212
-6144.524441246978
-2974.020463726487
-5293.484434227676
-5161.200202929204
-2960.1753369440416
-3759.3039082790037
-1488.5180941868746
-3450.8281293596533
-5054.888438423812
-4597.805452005994
0.0
-1978.0644312094835
-2950.3367202348345
-1248.6147189007843
0.0
-1432.8779396341552
-3766.7131628138536
-5507.711426797483
-4065.2871757894
-4594.601699458736
-350.88954768221475
-1100.010232502178
-5305.650595363784
-2173.8897337866797
-18415.274543916577
-4979.432536923961
-1180.3190973363562
-5548.393200587003
-1107.32644865149
-1020.7921487449381
-1166.69404211388
0.0
-1356.1939240592048
-3869.3127596976306
-3884.370918227727
-2808.4140882594647
-5685.497273875711
-694.7835534636395
-4345.373007841938
-512.9137404074608
-1332.6134551185937
-3646.0697094016828
-4804.2464767916235
-4808.495605932286
-5871.787795790012
-2423.4666148726683
-2855.2897844771765
-1432.4088761670653
-4547.639738868997
-58.6815383381082
-3417.4246264190056
-1758.0176972451404
-5484.346363117341
-3396.2379400446525
-11195.806658232443
-5837.930356571274
-4155.2662479490555
-5841.070183231361
-5339.450797695987
-3037.842645719675
-1153.6118689773518
-1366.473074835795
-5685.848903711877
0.0
-5169.64991115138
-4082.0678657881253
-3569.0459194917867
-3428.2555455323068
-1534.265801649843
-2706.7338363410263
-2714.1753785590763
-3918.418650539122
-4179.686914917868
-4338.396354776346
-3581.7698057877687
-887.8625265222339
-5766.255577855191
-48.07438123323581
-8604.699622427357
-1998.3033089613486
-1952.3583517298323
-2409.637677148708
-26.212649598818942
-5696.679913665611
-2262.0196264925694
-2828.168195691612
-5211.0922265944055
-3292.934215713431
-4703.815072103556
-3121.0362234634144
-7278.666246999252
-1479.059237804315
-3052.5488125043457
-1342.0451819938517
-2310.3974773636937
-2891.794587661698
-248.23673228881606
-2791.4726686871822
-5525.761455353665
-3009.4951976845887
-4082.952320167808
-5738.76600100687
-4625.505975294912
-3592.0195622854167
-5805.069031689803
0.0
-761.4259880886225
-3578.6996549376972
-4703.135089769033
-45.58326650035721
-2742.687072865405
-1324.405443784284
-745.2866046225128
-3918.382229147786
-5510.518163152041
-2422.0065888964405
-55.80815058097368
-4664.284321837706
-3069.44133135136
-2069.4241743169687
-3905.9861830425607
-2678.0767219345844
-4836.887163269577
0.0
-4817.75011507699
-3949.523339812821
0.0
-64.55002429368125
0.0
-8197.250069773983
-1920.6518478259447
-4435.388073302893
-4516.614810592008
-4902.316119859648
-1294.1548876052664
-3626.3668176161377
-1774.3050876896123
-3413.536274399905
-4586.721118713711
-3992.8272698495607
-4108.078072684384
-2570.8047639994297
-2327.8451676444756
-2536.7125002235625
-5272.30476585821
-1774.7831479049594
-3788.2555649697565
-4145.8186730493235
-2454.8827682371375
-4233.038694461083
0.0
-5022.144676643167
-2129.0421343516714
-3937.811036222841
-1370.9718329978032
-5026.107240773963
-2450.730191315089
-1275.3781593795284
-2809.1545150224733
-5612.299573190928
-2934.61269846013
-4426.244350650348
-5045.998557131314
-4792.956219911765
-5591.848479590374
-2796.400624464365
-4812.352382348414
-1847.1727567301996
-2187.1263209210874
-4217.170217227233
-1494.0753024424107
-2272.7017868331823
-614.1437611375911
-28.762080633032536
-3805.230014245595
-4281.040128540339
-1144.8279846192331
-3069.4498570234596
-3181.519795297031
-1738.5053876207699
-5955.4879313758365
-5880.277416979237
-1100.615731570247
-4273.043272656688
-3979.8638522017877
-4725.079370776998
-2020.7248030077617
-3805.278571142625
-2827.314656950496
-1558.9104806499938
-2128.124090401675
-2407.8155783555126
-1134.8177308865284
-3474.4934197313864
-1825.6305701334197
-1122.9248981911333
-2521.2424717824188
-2387.5789721634737
-2601.5231709658874
-3894.38133426508
-5578.738475912195
-1893.2877611360934
-7203.090192999319
-6016.036289611054
-1138.4710888401905
-2909.937024001301
-976.7365242691028
-800.9299247244132
-3635.2519431739756
-5409.389108690829
-1003.4026477163848
-5859.958417121641
-2853.8302833052144
-373.3087739123407
-608.8172450700259
-3735.980328023851
-1055.9303857406667
-960.7971929351743
-3194.249579707411
-32339.237489008672
-3237.8172567929323
-4513.9748805852905
-2483.018557364395
-1329.05451828182
-4503.4727245726845
0.0
-2816.5911520449076
-2229.134087604015
-997.0173358314794
-2640.731953723494
-8791.02313787113
-3680.876401751826
-4828.412752391939
-2739.6525461727665
-2984.456862800971
-1407.8094795809186
-3068.6687859918698
-2591.3119485882557
-1380.2539197774593
-3381.4584613686447
-3106.4603155698724
-2718.0123837835267
-3779.7918886694924
-3266.2764175295283
-6805.4141855007165
-2816.991970334544
-912.1091175899822
0.0
-3422.589220963984
-4696.617433727006
-6588.660111434058
-2155.742926718121
-7663.947299186517
-4418.990923021519
-1873.4207132837578
-1080.2042617012023
-50.36060834148468
-3264.48186645817
-2701.100251059228
-1586.8125606947513
-3782.458600228682
-3314.4917897156784
-330.21480202496497
-59.460617859573716
-1557.3771830210912
-1177.9444110021582
0.0
-5490.391851345358
-4862.387586640207
-5751.264712279682
-6085.068494209718
-26.173985575259827
-1363.1960592104367
-961.8259401998744
-3273.7015156328625
0.0
-2846.1808135460005
-1971.5353861613612
-4882.095002851282
-7408.113374289006
-1593.7358175397044
-2646.8500081472166
-1269.471481763535
-1717.7402485940668
-1688.7310929220284
-1224.2528260367335
-2687.483916847226
-3970.7962616255163
-1109.3181184639357
-5169.427064468759
-1848.0507478682225
-2463.037613974353
-1946.107216236837
-6050.957377496276
-5045.769374977621
-1987.6339049806597
-4165.511526642821
-3422.7692316612215
-3495.9446254948903
-10099.560840603346
-100.45814166259726
-2784.6477972440853
-1396.9735351507477
-2303.3581557415764
-62.438301984237214
-3655.636656290915
-871.8481628517228
-4907.934416065151
-2361.168759612648
-3008.12812422112
-3952.096035965506
-2847.329970444198
-4454.986321378541
-1695.2467329389292
-3357.3286458820025
-3528.026090188016
-3521.805809047748
-59.34368038263849
0.0
-3878.727529867675
-3628.088293796863
-2886.531629509892
-3190.014947449231
-1792.413985400315
-2615.2170511735726
-4851.455235826199
-5299.208602319797
-9538.036935590591
-2262.4467958697714
-3777.617757400904
-4062.1436551098127
-3202.220255942139
-1498.1960914654064
-1500.0906701806148
-5145.669548879131
-1162.3495701191437
-788.5290139265431
-6986.631753200015
-3868.9833888486314
-3887.0975870751754
-1374.3634522007947
-5800.423732884367
-2121.7440220117164
-1169.501279944493
-857.722568320191
-3548.3806237668896
-2096.49550209864
-6577.427290421631
-2809.4471772800825
-3962.795450493439
-2361.5886624664895
-5389.785513325374
-1551.6688643190687
-4795.437348449933
-3788.162520704757
-3259.421631409668
-4198.864344281809
-4169.285575889836
-991.8895707287606
-1481.5464930882877
-2457.82600488502
-1062.7573075555629
-7014.215543987033
-5035.707465049381
-5044.322989294322
-725.1264974443932
-2764.7068360917174
-3846.9354688676112
-2483.466985685309
-3244.4362158237313
-4724.810486875599
-4783.454972916952
-3121.6474616502874
-4831.86208632844
0.0
-2140.2982512656895
-4438.946606790183
-4553.271504493362
-3574.680900445582
-14595.560205398519
-2328.284037635462
-11.481602435429732
0.0
-2104.343536531561
-1761.2468478800995
-1168.5354438868492
-3409.0004555916703
-5247.066695826989
-2320.434984408679
-4393.6936626851075
-1231.427698840659
-1669.4997601320702
-8235.879826384311
-1333.9103107676656
-2750.0562621438726
-4413.445572020627
-3959.195168872735
-4081.0742760726266
-2294.4983986199104
-1834.4334391649336
-1655.842388458508
-5248.154161546388
-2659.399065840117
-2419.4529130424958
-1940.3434452137617
-912.0936841933137
-4327.297211153195
-5173.247462280525
-1686.1430931782484
-2763.148691929527
-2464.2007704377247
-11384.710217822314
-4829.659238639363
-5276.536608997633
-1628.496152531741
-4834.107069539445
-2909.713434204845
-4682.490428916363
-4252.073193891105
-1389.9704752179246
-617.97184592854
-4545.474976502233
-3150.9118983712115
-1572.719151384081
-5530.9600285393
-2406.3448992103813
-1887.0963561819701
-4143.107310664733
0.0
-2184.7308938744072
-1159.0545797728607
-5335.802464483521
-4438.771271769629
-4022.639295879649
-2716.6435748935814
-2392.890741124994
-5250.303291778014
-2355.5659039670904
-38.41291737625856
-3143.0611882874846
-3273.013925989072
-2970.9449852938055
-2641.782051562589
-4334.985593949713
-5832.00377504923
-1149.9759608834988
-2005.4374113489384
-3316.6642683690316
-896.0638768799125
-3495.6724059498297
-4695.946753434171
-5034.703443749679
-2521.3185788230467
-2044.6444852477275
-574.5071170879896
-4050.1837296493873
-1775.8144816842414
-1673.7748863310617
-1713.2428791383632
-4262.95060029219
-3035.795514325425
-3610.2388783797473
-4610.348803198666
-1550.9264057969076
-2782.9010339645088
0.0
-1219.8664941623824
-2656.3243353052517
-3702.2869844004167
-5864.198296801675
-2866.7913813395107
-3257.489476217504
-4841.906594419343
-5058.768666447511
-2378.9484162322374
-4303.609815685626
-2495.1121252219964
-5496.645736681601
-3711.4926436026535
-1876.1514177287588
-4313.691494543257
-3897.16920677671
-9485.817164340237
-2111.679048104298
-5093.069011406133
-1762.4670758372138
-5183.82856937071
-544.1085538017046
-6871.478161354754
-495.82252079580644
-2326.468192790208
-1269.2995446889338
-2005.2932102276043
-4747.2244285955985
-3693.2429192110217
-3870.506939425
-1131.576251055239
-560.4489651681321
-3531.0758636765527
-4493.950436127915
-4731.830240503125
-2947.0051146087294
-3164.687588014047
-817.8929194303979
-1530.0200145155006
