-5115.202551804256
-4168.885901162217
-4217.2096424051215
-54.24314423182638
-3929.7726830349975
-4441.158563659047
-1395.0448210148572
-3596.127474720866
-1951.7958867653251
-12702.245742131297
-3613.039879972489
-1990.1196094454924
-4912.2048667966965
-3849.9124238642203
-273.09656029212044
-4607.492429468148
-3586.2623574910845
-2756.1394091139196
-3217.7641015427016
-2556.19646551072
-2784.1188319987564
-2429.411184144739
-3785.5869351981414
-4189.300843829438
-1908.3592144314746
-3026.5623831158164
-2803.125303955245
0.0
-2372.7515243098205
-3891.7030817490017
-457.7997351657315
-1719.609531521494
-2490.772656904848
-1099.2520208759267
-4247.871115436506
-2561.4260839369363
-4166.661834568888
-3714.9695281211857
-2855.073115688005
-68.34641995959025
-1454.5369354162285
-5161.9175135825435
-65.41614865447846
-4145.020980503994
-5129.429764153642
-7004.469252005155
-1367.2877104887048
-2410.744536684537
-3463.7506924937097
-1605.871291958985
-1059.966837167273
-3419.4599324127116
-1915.6510851054154
-494.896984475797
-2652.607780337829
-5362.622041616981
-4274.750727934805
-4818.212786501256
-867.7865318472176
-3471.1112300592786
-5323.342257544983
-4913.092934867558
-2373.745333748477
-3092.7698349141983
-2225.5506736631955
-5557.505590953175
-1462.032097497697
-3218.2582859066515
-2467.0057112408485
-1951.7097409507815
-2260.7649905412122
-3960.6731087541434
-2733.800260508083
-1018.2149689098608
-4557.9831963373035
-6234.719357551638
-5162.666385148882
-9476.619391496264
0.0
-60.754244127451784
-2237.1702155078174
-1641.3040548969282
-1107.257778593384
-3749.1712737188614
-4300.835190790727
-5168.689081638591
-4105.057793741764
0.0
-5513.289971176564
-1222.3762162862743
-4341.01916657417
-1602.6347453597873
-5320.832081949986
-3354.6053630370457
-4932.064977327238
-3131.8596116114427
-7749.203049088672
-4802.603309485337
-3873.820632992785
-1917.070669042321
-4195.5891717676595
-2393.288924312654
-1501.9540317856934
-3876.1249799083757
-600.5035007775044
-3813.0239111673664
-8544.756179543861
-788.1472611772382
-2607.8707507846216
-4897.303757288568
-8254.885817964192
-2995.9976899570615
-3221.1391760392116
-3787.1193351828265
-6720.156850778958
-66.44456160322227
-3730.2000807501445
-3964.0172678745557
-4740.606183802155
-1306.839353666102
-2128.247710757349
-2084.0813208076756
-7.194444663976273
-6380.279400816732
-712.4597038130908
-3081.18140377056
-4214.5542887598485
-2465.9743486424286
-2915.633997206161
-1955.0605719683
-5703.96871043414
0.0
-4402.363502858477
-3655.3493113231616
-2376.056836080147
-5001.128524511562
-3040.762855902859
-1797.3515122645429
-3760.7274615808747
-3363.7958220526725
-920.2018818938565
-4802.3429174282055
-3587.767549238362
-3127.344937413374
-1669.3781607699682
-3515.478297122565
-2825.3141925353625
-3378.094205817751
-1761.5860394867466
-2692.9366331833708
-2483.7086026144048
-2550.1783945290185
-2060.6068408401475
-3244.024057453348
-2931.8662608351106
-932.2297161263066
-4777.76496451112
-4932.0292028685735
-918.5615194598845
-1295.6977885803558
-3275.8017852451026
-5227.334554183473
-3170.5969818855815
-3666.2513601277274
-1972.8601527015765
-1064.4804640786062
-5598.540690260015
-461.1959036834028
-361.1319061837607
-2816.5159800200104
-4552.769570162148
-1543.0989736940057
-3254.8321992256165
-2218.4311694719945
-9121.320672589361
-1730.122361617295
-5163.254991692988
-2684.7834658202846
-4557.595038222404
-3697.304787670414
-1255.7287747422065
-2511.238774359003
-3234.0520229731924
-656.9474476637472
-4182.1301295118865
-3200.8959535905174
-2070.480093552357
-1325.5742131565842
-5119.968641169973
-5006.43040747714
-1336.538896057997
-8204.52868539871
-3477.7329710458307
0.0
-4553.729576408352
-2104.212082820694
-2034.823245170322
-2020.7520696952859
-3200.474050549385
-3139.7246620349993
-9788.530283820815
-4188.980066163863
-4909.242130937303
-1464.6061456810085
-2666.165615775356
-1742.2792310061689
-1397.2035349565742
-1934.8596298034463
-5812.104329816876
0.0
-4517.025909911817
-2860.4210380968107
-1260.6851286442286
-2495.0920283324494
0.0
-967.9266246030714
-3660.793359920609
-2761.5267298418057
-439.07067310840915
-2842.1469494466296
-1962.111762458052
-1531.5659197028015
-4729.463701878422
-2860.0693303186818
-2738.6023559810487
-4352.2294190481025
-4115.7268086360455
-2597.4337857808223
-4023.450108701037
-853.4540982293355
-2644.9800638685238
-3238.559965928466
-803.8154740646353
-1972.3988394052253
-3246.3382533354234
-2409.980212798489
0.0
0.0
-5580.871382174915
-4287.391210258058
-2739.405242493143
-2512.4882474665783
-2937.685723460881
0.0
-1008.6306270928839
-3519.327219484499
-2768.7531162913106
-3467.125776497526
-4522.004100589739
-4525.374518534932
-4818.812993345787
-910.1656365901651
-4336.251581088288
-2477.1775978590126
-1182.338004790708
-1612.7269345086418
-3936.9776175526003
-1699.4656135152197
-4067.2240933481876
-7368.310553680592
-1497.848998472812
-1625.8733140258316
-2753.018588223887
-1200.9313609680803
-42.93993359078988
-305.4754155115592
-2695.2581567180364
-2791.861962494276
-2075.045013319176
-5194.823328912961
-673.593801189657
-5153.612114510964
-5084.160933830723
-3797.218591949768
-1722.0987272439525
-3054.4100092867243
-4501.059581526893
-895.0523707922903
-2237.6456021427716
-51.525026065812206
-3526.2465024431626
-3315.9037225819984
-3747.598939219485
-4863.283146618021
-3778.8065892449463
-4795.9482393434555
-4372.2799380187735
-2312.5238286661993
-4958.055331569639
-1484.014738876263
-1316.0338200415545
-3792.7953270971484
-1840.893778241024
-724.59578055408
-1944.9643744746138
-1028.5271559844641
-2941.1235062780524
-1945.8044469502547
-854.7781982983125
-1158.2851079104428
-271.36868812728517
-1252.8125597490703
-5041.5212667341475
-69.2172743271503
-5258.768275164699
-2749.463460781881
-6764.33632751873
-6402.084538715095
-8.06235281075871
-3731.1145131466164
-3080.1675445313754
-4262.966277126168
-8246.8821396948
-1603.2631288809155
-2504.560207830207
-1638.6294487594448
-4093.843565154744
-4434.2596108911885
0.0
-5522.102432199968
-3926.658770536751
-3310.6946623737663
-2678.6586809381356
-2862.868276450737
-2498.105922292308
-5157.548453337003
-3502.0948727674754
-2637.5281389720803
-7.194444663976273
-3603.9667299917614
-3459.920520946141
-808.45454072236
-2622.177957954968
-5470.306743105265
0.0
-2113.1267230128387
-2352.6683314464726
-4283.105208322071
-2568.0262525011685
-4174.055152580261
-6325.088380793622
-2489.246575004232
-3015.867632742219
-521.8573848692062
-3714.2312602094335
-1031.2890756966538
-5290.155586497503
-2529.378982996771
-5066.682724883624
-2933.4387676917754
-1392.3758788464352
-3282.546317757253
-1539.372989447812
-4968.438038525274
-7702.846667445604
-4182.677018149812
-688.5157276314803
-2988.595653132648
-2935.9403117961906
-1843.933957292606
-2200.5422601619243
-2278.3884272543237
-2388.097096913797
-3699.736672704114
-4049.826469981835
-2564.0113133712402
-5253.632759191431
-5101.730218600863
-5103.113801733644
-4696.9844705616815
-2476.2356323071845
-5082.439535345093
-4055.670212256943
-4555.78383384863
-3539.8388553540826
-1643.5122152864217
-873.2514663512111
-1098.7067561935348
-5378.914521189616
-1918.4977067686848
-1160.285470532492
-3234.7776781775815
-2227.0258642586296
-3528.2684822889287
-1756.1256376617657
-3593.787526685118
-1911.0549432054097
-3920.0442753967377
-10743.298170789221
-3736.4642984544294
0.0
-2675.9432714271234
-15186.794432799057
-4866.718538911957
-609.8613392040784
-49.81307018324981
-4779.725864683302
-4820.657862536096
-1921.3949701933861
-2730.8368720104845
-2702.479157401199
-4794.6472980909375
-2331.1123161486503
-2385.1713862153074
-3749.71386090874
-5065.979668160632
-2676.5101523049298
-2983.1276458552647
-2083.2392822414927
-1375.188665035165
-5432.407435362954
-2480.308632109431
-4355.21223433371
-2925.4066735318097
-835.2193127685415
-2593.3502253614215
-2982.807068285068
-2067.083562958751
-1267.764039427146
-3558.795116970883
-982.3757652986917
-573.5046854199462
-3388.4080773552932
-3365.493765384735
-3782.8888736740782
-5352.610061635488
-2927.761897161879
-2604.4454319866827
-3180.71786108503
-6212.525552589836
-3294.977452108686
-4637.776694422967
-3590.396947441795
-10145.485982309176
-8147.149013608267
-3559.960215863866
-2350.3318584465856
-1025.2315076255222
-2369.4215562329314
-3097.5453072748137
-1874.416897508413
-672.3266061856274
-3588.013778881969
-1989.9379789918946
-4453.983771203264
-4621.334382391531
-4892.983448820477
-915.1065772816934
-1264.175390929801
-8705.198661666915
-800.1872569652203
-1819.2005484520632
-3354.8278652152467
-5103.277943031845
-2800.8683656767353
0.0
-1628.3953572412681
-1022.1154176034031
-3021.0081228743784
-4383.740073309871
-2538.0589305120297
-5164.976543300454
-4378.766880665177
-5458.363722549509
-2380.306904832127
-4162.759406113636
-4542.47487932945
-2708.0362652436806
-5530.794189549856
-1280.521256534717
-2393.3859004718174
-4455.824485964924
-3888.277602714537
-5314.640565629495
-1188.9654543116962
-4119.612783972968
-1003.4666711840515
-3607.582484931777
-4670.377864878601
-3947.783213523793
-4876.338430553708
-3698.4673688898515
-3855.0319153743026
-4118.070095035214
-2267.4064037183975
-4702.903729494991
-7703.099675540607
-4416.255841999969
-5364.801963333291
-4352.747025999637
-2561.7766521533676
-2293.514258922271
-4288.3242098377505
-3851.834515196511
-4206.604507760175
-5039.887813284688
-2890.161098939536
-3800.609118895303
-5898.712906138195
-4755.739347074131
-5056.130130134179
-1828.9064084422766
-3933.3164807011517
-2400.3925414794103
-826.0007198646936
-2703.8897588746745
-7007.008120002024
-1401.5644369161973
-2980.3805581447505
-5611.446146835597
-1040.0029620328373
0.0
-2602.478468427739
-1947.718996126116
-709.6994530268516
-1697.738630823522
-2166.493719157445
-5907.0802222554985
-3534.066456666253
-1619.8088088098111
-4191.496181537537
-4656.527852964935
-2708.2758220133273
-4852.605311259555
-7927.4931044788555
-1937.6669199493192
-4065.7850907228317
-3704.4477393046627
-4560.497682722419
-1067.2771114270822
-2910.27763990279
-2550.1340909366995
-3339.7497086824433
-5338.229860152459
-2511.4031770004544
-1056.3114946631667
-1201.747213374756
-3853.9402365406168
-3806.002107318294
-5011.450101969172
-2648.3402566272634
-1403.9752152071933
-1402.0089379897877
-1327.1140063858102
-1462.8605961539715
-2053.9802148558597
-1652.5127038303972
-2650.5662994132817
-3293.8951178633924
-2856.6110472958107
-1025.4054061526194
-6389.733323605032
0.0
-2359.964991661639
-45.83626600737332
-1049.1443917584222
-3007.0182604234674
-1730.4465755260592
-3659.318488787961
-2790.646287706687
-2286.7852990908214
-6758.6011914795
-1795.1778657775722
-7321.556143947279
0.0
-3366.984479097308
-8.012291830191344
-57.28995500346799
-2181.7404951056023
-3887.736094645312
-1990.728609045332
-4900.138310009713
-2466.8227117960623
-3094.51409479079
-3506.220944915441
-2335.787095299389
-3669.252778456763
-3529.311074644273
-4105.170097464166
-3436.0083833394083
-3413.695718691242
-911.7055208326293
-5070.898859104117
-4407.832196463871
-4898.289647897726
-10460.510916107232
-98.32311916195977
-5560.979998641853
-2487.5851288919584
-3074.8513114153793
-4551.461850241833
-3614.947666998996
-3845.7654423066188
-3378.1952625930644
-5861.462664045861
-998.8075577098576
-4319.348980774112
-4886.304562518708
-3591.573997399192
-1460.5921966883277
-1669.6095918600734
-8378.334973933226
-7077.538639878536
-4277.587321603482
-3305.856067118255
-2287.4733633060996
-3973.1931485397213
-3976.4658027806477
-1650.3637958343002
-9164.630227627275
-1162.2563697417088
-5851.171791341067
-2914.2138517968656
-5185.538441097494
-4787.791411558094
-2964.5598344648697
-3528.4634420666794
-1492.0134581618588
-3209.28353327023
-4738.676505235236
-4412.5503602822355
0.0
-1843.4668818739738
-2946.8233574829974
-1266.110750583419
0.0
-1384.2346910680285
-3560.5559065799494
-5310.7757790811265
-4073.83234917628
-4584.202101406004
-350.0162517676394
-1059.487039159756
-5039.839190320794
-1981.0829350235088
-18197.771629199477
-4821.863570463877
-1146.3818230507002
-5194.836285133747
-1092.6246579752574
-1000.8388338980694
-1108.477219041031
0.0
-1271.9451774301099
-3690.5073093788783
-3732.572610552901
-2781.829415407477
-5710.943235374444
-684.7068667164457
-4313.166709866541
-516.7889593733171
-1283.9844881896481
-3609.0390371887347
-4691.2884004265525
-4797.113038082953
-5902.5262214552595
-2400.861058808349
-2804.2039031929194
-1430.8098885650115
-4536.430834520595
-57.533322404680916
-3427.851327862061
-1726.9812638014714
-5506.030954748295
-3193.0842897275475
-11008.325087402514
-5821.543393312273
-4113.206583104815
-5834.829228633267
-5211.928375983051
-3014.261271768094
-1125.0715342073138
-1391.4799434259876
-5538.325348438073
0.0
-4912.418333795822
-3839.2412095822096
-3479.0158810793
-3178.104500336131
-1498.484057545912
-2701.2677793372613
-2549.950551495043
-3839.060876806827
-4133.279382082792
-4315.288302968289
-3356.455784810625
-861.4237719194408
-5541.289814514171
-48.62664470372919
-8539.472514908493
-1957.0186026258543
-1799.0017061551416
-2375.2167932873913
-26.956192065443297
-5598.03688266675
-2162.8496513269774
-2750.975084272175
-4784.080179499825
-3252.695839831673
-4687.820247733264
-2973.8729387242633
-7305.737455348426
-1430.1292260443984
-2984.596262074053
-1247.8396477208614
-2228.572310048268
-2783.068202894184
-243.9514060325756
-2665.6199265665728
-5090.952143470199
-3004.249067274341
-3985.6355202059735
-5694.604283808104
-4269.321107199804
-3562.7831504110613
-5722.946361549289
0.0
-725.3290432995551
-3452.5579881208246
-4488.201237696741
-45.46627739567204
-2602.173348151356
-1302.2075483879287
-709.4357227510349
-3945.4712747832223
-5432.067120257485
-2213.9428792773074
-54.878698310521365
-4260.733762999978
-3071.8775928701707
-1888.7285328730031
-3785.064274441395
-2668.545642749572
-4700.030182524941
0.0
-4767.405161467983
-3865.859252837967
0.0
-61.9591071902287
0.0
-8038.6064859466005
-1882.46718852027
-4195.008619565907
-4453.739771143302
-4557.319934428924
-1281.193791472287
-3577.726973102119
-1755.153735765186
-3387.8575227108026
-4330.593265308163
-3992.2875700476034
-4005.2640713896667
-2558.0205818946533
-2308.727358051523
-2534.5955080067474
-5267.883612234942
-1713.6140833815086
-3722.0362204092507
-4107.9759906029285
-2356.997158531728
-4214.783340698838
0.0
-4583.176722178719
-2114.158448143283
-3923.913572054771
-1313.698004319875
-5053.918923326415
-2478.089480795035
-1254.4632567768529
-2769.4141665527977
-5522.043424586347
-2915.8758871164773
-4398.756372877279
-5014.339821950522
-4392.4219916018155
-5531.453842693754
-2823.605303616406
-4620.051805214242
-1842.6164684469134
-2121.3827901338987
-4154.667379102535
-1468.1138718538082
-2124.554990936341
-597.8065123154696
-28.204278109511804
-3778.134845302032
-4167.628612511321
-1133.767338324831
-2938.1118260940766
-3171.162751949625
-1767.5817973068235
-5934.312713994424
-5503.611916889726
-930.4524117755294
-4040.5162913784848
-3811.208028597882
-4684.629389883459
-1958.3043823856815
-3763.053306425069
-2759.634266802416
-1445.255118993932
-1998.3089784708768
-2238.214270153076
-1092.1716494573009
-3410.1411656215464
-1814.7936522937955
-1105.7537888978693
-2386.286851645307
-2353.5205790490436
-2526.5307865042773
-3794.525390026365
-5200.723767107255
-1854.6618906024758
-7144.482097216711
-5564.409558553165
-1086.4242306555423
-2824.7247656665613
-940.7446179960292
-778.8688399722573
-3587.8839004572583
-5318.751317892367
-948.7355877428755
-5743.345026301962
-2744.4414246496654
-354.31770133019717
-583.9047249107492
-3723.942416097991
-1004.4405107001411
-930.7241634025083
-3029.741957727683
-32512.28992009655
-3172.5321663055242
-4453.406775700942
-2396.8046136487314
-1321.0368887003015
-4439.128071829304
0.0
-2581.3494434648405
-2077.221257477831
-999.0032711394056
-2500.3367894678595
-8689.618238369827
-3481.769670786769
-4695.331497739355
-2667.563231461445
-2873.718702822964
-1366.8368853211296
-3045.319580493227
-2494.9193181121077
-1377.881521972588
-3155.0797230360463
-3098.1070664008535
-2720.6857414392484
-3797.17748347168
-3246.653579866901
-6755.548252467403
-2633.544991211604
-887.3016547663112
0.0
-3336.4887256593074
-4645.4980594585495
-6484.582739817423
-2155.702047614037
-7423.158946108961
-4212.2276090204905
-1734.9804062414591
-1049.811720701101
-50.168068517221116
-3163.354576858336
-2721.213375927533
-1536.4388836799897
-3662.208726228049
-3257.4429487587695
-314.32220914102174
-57.16465817748627
-1533.069602318135
-1151.311667066053
0.0
-4985.608863744552
-4802.748233541357
-5614.1001699377875
-5791.2677832501695
-25.224061502678033
-1340.4216676396577
-961.900858038083
-3268.6821276291666
0.0
-2693.761795237287
-1977.2820750950602
-4773.864082782656
-7370.122312241937
-1581.6216882260874
-2556.438409367146
-1219.3828548459833
-1673.7719330498269
-1664.7362553571309
-1207.4747284278808
-2675.0646058005077
-3919.2830915541645
-1058.7724835702006
-5048.023079915424
-1841.5275664900057
-2361.487784241511
-1891.5836633554732
-5979.456286508139
-4922.383529248317
-1900.8295824629215
-4156.571883689803
-3397.441748828668
-3484.6361805767956
-9922.607353342704
-95.65345242682042
-2752.70520899399
-1332.8095452853495
-2112.6586813951612
-59.73972712747971
-3618.1341254648983
-836.6531962783088
-4538.8917499991485
-2184.1464127639274
-2804.363569830932
-3797.7050494848427
-2772.2379604510415
-4193.887505367711
-1634.5572531163407
-3308.2894980256833
-3298.5463729398207
-3532.626232778775
-55.479589443414426
0.0
-3899.461074170275
-3361.4843510091873
-2779.9025129680876
-3186.916986261295
-1717.637935222804
-2566.938269531739
-4486.186769616858
-4919.5114817230115
-9484.658287185417
-2085.3279631732303
-3668.0189601805
-3825.701552335334
-2996.780224190515
-1451.6402530696942
-1490.9552096774257
-4956.320614798852
-1122.4329711214057
-764.1466109960014
-6999.158748830526
-3834.045253902551
-3838.6069653434847
-1326.7708226574
-5691.674162051317
-2107.130096972946
-1118.456811168963
-853.322928061277
-3524.769001494528
-1881.4424845082788
-6408.1560679957065
-2707.122198241347
-3681.5959503555555
-2182.8856982621464
-4911.22646919108
-1491.1349519471173
-4739.24640186617
-3711.0693919079845
-3200.8793248488714
-4212.867758145316
-4155.342370820272
-962.4711341216554
-1393.5526082179467
-2306.8877395911427
-1037.7046861726735
-6849.056402487136
-4863.462827454893
-5031.31590041729
-727.7791574007088
-2778.0485297912423
-3808.056408783357
-2398.367442405985
-3155.592807645032
-4672.560915609806
-4509.873153738899
-2978.3780855517953
-4401.280909236003
0.0
-2101.9590160596304
-4430.401324178955
-4117.437009697389
-3516.193975207975
-14496.995829735055
-2275.7044134475314
-11.749843960324096
0.0
-1955.6207997707565
-1744.8586897929183
-1110.9212054959291
-3407.640174835366
-4849.655631055483
-2181.2104570278425
-4143.714177882282
-1215.1675248861206
-1645.6640533004645
-8140.973038463135
-1350.310027257869
-2616.413523183976
-4310.153386551946
-3720.1484766605395
-4080.6598652578978
-2206.2322496169145
-1811.6807778966638
-1514.2173392120515
-5241.067854329005
-2676.7082857448618
-2277.4837110720773
-1821.483647034764
-874.325057498433
-4260.222606872061
-5064.301381268296
-1651.6631132193902
-2755.944801777933
-2357.333086360168
-11294.586760174638
-4451.311906962873
-5299.731778792114
-1620.4416010582477
-4698.458169258076
-2894.6801145461723
-4630.718598987278
-4261.6640979434405
-1340.1161432997662
-568.8767940515623
-4559.086244677968
-3111.277240299714
-1468.6495097676745
-5421.929347716227
-2379.1477234639406
-1895.822727474978
-4083.6661493611687
0.0
-2121.8019601191595
-1116.1057933766563
-5225.5642527850505
-4449.874620525537
-4002.1248791902576
-2615.765726690841
-2396.7757443227906
-4817.242424109755
-2283.7741432743055
-36.031022445399095
-3015.0490137072175
-3246.443270129417
-2888.008699107731
-2542.038785088793
-4300.98505534601
-5762.239617097474
-1111.5913343414359
-1951.9483318865061
-3088.383384267887
-895.3127982430259
-3416.4289455365283
-4746.88202868641
-4936.553651115644
-2447.6089912300786
-1983.1671670190897
-556.3342871937033
-4012.4007711249396
-1634.8012921533232
-1551.965086886432
-1722.0327478750742
-4269.894876421046
-3022.4734773715454
-3536.9109908393966
-4293.657173934036
-1513.7652978829217
-2732.186543236069
0.0
-1162.0180814939038
-2599.261111303814
-3687.7963224540313
-5811.173407894101
-2830.087819694667
-3125.521079153853
-4793.472848666833
-4831.819008083465
-2182.4305702138217
-4229.011823965568
-2482.7500266377847
-5493.686440627434
-3514.4763515070977
-1779.7972551529701
-4285.957252091345
-3893.881930615818
-9451.15098497917
-1975.6702867896313
-4664.890665957986
-1730.1746664510067
-5052.115627784514
-537.1162419306161
-6520.337596156982
-464.83241945372987
-2236.3995641947536
-1126.6687771753316
-1929.990643712411
-4705.5581270975135
-3479.657345919675
-3608.0388912792982
-1090.2340442752225
-529.8049633941748
-3284.9179596534354
-4478.637571808285
-4686.969802204324
-2732.0907276509683
-3153.990609703394
-755.4617559744846
-1524.6076810026273
