-5222.639912827297
-4249.9267081486305
-4221.765421755497
-53.73932805276712
-3961.888493581151
-4422.989856419111
-1404.8162654481607
-3642.1720071465816
-1961.4127120677545
-12705.607488789186
-3590.5035236497715
-1974.1723061820728
-5062.842402572624
-3839.099218110721
-266.2577070739572
-4656.043875178611
-3553.5401685979923
-2794.2540597386624
-3260.4338839197335
-2580.740620928847
-2800.3986163917634
-2446.6722394988496
-3875.129273174741
-4273.520513717525
-1924.8314683192232
-3112.6987294256783
-2822.1235664457126
0.0
-2403.277040737721
-3893.7960485888593
-470.61981407160613
-1732.5312224659895
-2496.421681333364
-1107.5597401821024
-4377.512990743532
-2584.8132327015774
-4165.856388690152
-3747.6946148006414
-2891.195280281007
-69.21420063330265
-1511.4161145611215
-5165.913088797043
-65.63462587792071
-4149.234665408744
-5149.969320257141
-7069.186800470584
-1336.059961450023
-2412.09831276636
-3503.034282078983
-1597.7789621317947
-1066.2001166648415
-3427.8677975615556
-1998.31332871188
-488.4465195195638
-2677.691829699435
-5363.132678248175
-4259.9558991331905
-4992.197205404404
-880.7490001002024
-3513.756782410527
-5400.687216568404
-4915.8808536587285
-2419.1302473209043
-3172.746776464397
-2238.816157663119
-5660.888716653663
-1467.8848809210344
-3218.396880157791
-2443.6911819544325
-1958.4375416123514
-2246.5126375035707
-3991.4037149701176
-2735.492746617166
-1027.2669764087466
-4571.318479575662
-6248.7282741874815
-5139.189923140634
-9528.817801176228
0.0
-61.2945799325071
-2248.024763574703
-1658.668380541813
-1106.3189160190616
-3810.5238331127566
-4331.103576295602
-5202.058183653394
-4112.852580698144
0.0
-5475.8348304476385
-1236.7873696332247
-4375.640044370452
-1599.0854413855623
-5370.277007887016
-3382.9647227294527
-5040.164068944032
-3118.9360795776606
-7489.293648384002
-4789.6891759330265
-3899.5163075002097
-1913.9404040915945
-4194.00325619429
-2474.9487226510646
-1525.1518230843014
-3943.5836904565504
-601.8034678490042
-3819.6418891733942
-8605.823890274327
-795.0489882863415
-2636.5825815743406
-4866.735968892293
-8267.886698136761
-2999.8061980881043
-3286.82785735059
-3787.0323814918524
-6737.6676201012815
-67.01988016988564
-3743.4418752553684
-3937.1976330491666
-4792.779401403724
-1302.464632811918
-2126.206443588033
-2092.785276603066
-6.994493044406227
-6409.352073895629
-713.3193068687514
-3081.128078822655
-4227.981314855156
-2574.9505508821126
-2924.579095696373
-1948.847777150477
-5704.905643415952
0.0
-4510.774483609408
-3639.3388980434834
-2421.029034265596
-5082.545231360803
-3161.1756497523406
-1795.753343066533
-3808.6098632078706
-3396.6956920211283
-921.1821358380087
-4941.27283654847
-3656.3217731664586
-3163.2835254275124
-1716.7568021293769
-3486.47795071928
-2847.876775089435
-3395.5655274406604
-1756.685533552567
-2690.832130338022
-2547.3769133475557
-2552.8670676775246
-2059.255481852073
-3279.5801461703827
-3021.5180236947785
-941.1930563752323
-4787.823320393125
-4962.66881249271
-914.857240086837
-1311.8999589282105
-3303.025588957837
-5316.857807726356
-3202.902535354402
-3631.4104054532254
-1973.3434063746158
-1080.6494126239556
-5758.043671941302
-427.6988745461329
-363.5263802577537
-2834.279668459419
-4582.196993850426
-1542.2520984190774
-3256.538697122586
-2321.5577395940504
-9095.932650441471
-1792.3659135280675
-5153.671825185622
-2732.0237059913097
-4569.456217858157
-3733.6131728611736
-1249.3250448137621
-2542.7224499495337
-3298.775632042323
-658.6555115107402
-4236.112308792212
-3225.4691868214795
-2049.7042234344995
-1325.4291511067622
-5144.059639454709
-5021.164013098015
-1405.42893827852
-8231.48535328551
-3608.8612209083262
0.0
-4572.198752570512
-2102.9040785963307
-2034.750608202246
-2072.398663879796
-3190.5780346180118
-3151.4109986802996
-9803.14809502468
-4183.937050458693
-4929.112095395107
-1481.6195158628602
-2730.1938392211605
-1757.4842719984815
-1378.5917955843245
-1964.100953838841
-5841.435764221051
0.0
-4685.906100821477
-2881.7935072430796
-1264.4821182867602
-2497.8139451078046
0.0
-986.8344022079541
-3716.7933031343737
-2797.3380269080963
-448.4367539428743
-2881.1907366880046
-1980.1949365984415
-1554.737732570734
-4644.87242502701
-2922.180685965029
-2770.732639512407
-4288.312777216191
-4095.274754723128
-2649.72685668729
-4055.0730931217017
-868.2625217464653
-2688.9066419888245
-3218.8889364986185
-805.5379941184816
-1988.3711656536477
-3340.7933235636406
-2435.585902243755
0.0
0.0
-5575.874376970152
-4289.411103894723
-2756.05523391174
-2568.6429970122094
-2904.7222971512033
0.0
-1015.2664195680048
-3532.397816306041
-2922.319370881151
-3531.056668348162
-4530.274575819232
-4529.49956269578
-4818.521269246051
-903.694020228165
-4357.1513656795605
-2521.944130502627
-1180.7512429158787
-1612.083939701051
-3935.7396327116767
-1693.0102209250954
-4043.058337541559
-7340.59486754188
-1502.5506514390372
-1628.7887306646446
-2870.735910302763
-1209.5090395595494
-42.90583595535145
-307.30080875376166
-2726.243350814121
-2828.6545466120992
-2061.618648991637
-5329.009486423084
-675.6385075555222
-5181.225864186771
-5121.96641672265
-3775.8284822735004
-1724.7123538078913
-3123.2908431099318
-4621.970858133314
-903.8387128628691
-2314.097891141218
-52.823268120738064
-3573.581337070116
-3342.428792871499
-3788.398945647035
-4729.099250464544
-3811.014210670706
-4793.616908689538
-4409.346540915603
-2331.945910883911
-4938.134979828864
-1489.6126980730699
-1329.558636863921
-3815.4687980268895
-1836.8469940133932
-724.0091149553922
-1962.9920278388486
-1032.933048727722
-2972.0043132819296
-1924.5950261017804
-865.9123735226461
-1158.9591211276927
-267.5511698739601
-1238.7881573331294
-5046.336430198422
-68.77328412860976
-5114.664681804319
-2752.8151757018995
-6905.1730269048085
-6341.47891462169
-8.058476884947417
-3736.6476181012767
-3184.925114180985
-4435.2910770540375
-8315.5052902496
-1612.81323252046
-2535.3801177733567
-1638.4126356087202
-4114.8637070197865
-4449.847159123852
0.0
-5542.513482793225
-3912.655140366077
-3275.241556492235
-2665.2532540483858
-2895.470346078642
-2486.0074514734333
-5293.904776993432
-3490.848002887562
-2650.822441742322
-6.994493044406227
-3595.8619683131456
-3457.04600397536
-796.2968454601338
-2651.737340947633
-5470.541570284057
0.0
-2166.995760738928
-2392.2065541574616
-4331.49500551143
-2563.1528444514533
-4145.938707934553
-6259.132853566134
-2508.5425764590664
-3119.348430045483
-509.93389711829167
-3722.4617849832457
-1029.323676493145
-5276.3907008564265
-2676.711707005934
-5073.25567102418
-2931.4258046851733
-1399.3061221338583
-3342.912745832925
-1528.8019618182868
-5028.075081970763
-7747.762788218494
-4128.059191205372
-695.6353173595885
-2993.879848994747
-2983.802282479162
-1884.6768187569035
-2175.6312919364655
-2324.3180975909545
-2387.546524860044
-3678.753433803691
-4054.7308937458793
-2588.433576005884
-5347.3033193480915
-5152.831764983519
-5143.375004844275
-4744.161960270251
-2493.2323494697876
-5171.624650683948
-4070.8258945997386
-4544.452849952749
-3532.29462127969
-1685.526237514352
-883.455777332606
-1113.4154220771113
-5411.074446348151
-1937.0081156531623
-1201.169397907679
-3300.5991254289156
-2247.0152903374938
-3556.779064709473
-1778.0675835386874
-3598.67920160015
-1923.145485583424
-4006.079024721965
-10837.326373515085
-3755.245212402808
0.0
-2748.279461971515
-15286.676914206399
-5008.081675215879
-631.2569750457731
-50.116559128200684
-4782.994154141206
-4840.759808215902
-1918.585266196995
-2747.4700438212476
-2696.6868976158307
-4810.467697735924
-2378.707764299728
-2390.0923748460077
-3682.9031831751668
-5054.579189719116
-2693.0009453534694
-2998.2586611846436
-2090.2585984446796
-1366.977198308436
-5428.233790823335
-2508.7534325107713
-4346.635096339934
-2933.601071483486
-836.6279271483187
-2605.927375971448
-3012.928794801401
-2112.6462347933884
-1295.1209246330886
-3574.5631480215034
-988.0533634623159
-580.822715258152
-3313.9044135333384
-3352.1948092247944
-3785.7329870351005
-5339.284785088229
-2956.9976490306785
-2624.731190371919
-3176.796033118249
-6248.350701249107
-3282.333898936092
-4655.30267987488
-3604.7777001105383
-10294.973933461313
-8309.285815682739
-3556.1806311625696
-2370.5893404303692
-1037.113568297017
-2392.753695973463
-3075.784605947654
-1916.243449837822
-663.0668898213647
-3562.848064106969
-2002.2032403476258
-4491.937289979145
-4651.062109458483
-4913.138324726148
-919.935702330806
-1284.6825565643517
-8714.192159023149
-815.7743939598346
-1820.5983304725037
-3337.4276661989506
-5130.339785684543
-2808.447464779734
0.0
-1627.349278302128
-1019.8866322764259
-3083.1446443188315
-4411.558476384479
-2748.546554935942
-5186.5857507410565
-4408.394663704691
-5561.337192194577
-2401.405805900284
-4174.420067231215
-4621.465208637231
-2747.957392829316
-5543.759739806299
-1300.8535457890894
-2389.306928696562
-4575.758249187281
-3872.1158564090238
-5477.966423716892
-1198.47031667753
-4135.504347482397
-998.4485495087649
-3575.287176463472
-4821.334185850863
-3964.5261816503767
-4889.108685506529
-3700.7127174530438
-3862.280217706
-4129.725025355282
-2401.512027572037
-4859.559589007888
-7698.749148863023
-4530.877672330235
-5380.085415443805
-4373.900651325988
-2573.4799975434903
-2378.449837680818
-4315.1507221734655
-3810.417566954573
-4232.424133272835
-5031.473045469098
-2900.86536538447
-3812.4876394645657
-5906.681632037281
-4768.80450273032
-5074.375823138811
-1846.7244879311424
-3877.745877112189
-2385.9650510785964
-824.0381296717655
-2717.677793938969
-6980.119901571532
-1404.9900022171928
-3019.259417316912
-5618.062865533507
-1049.6223691832936
0.0
-2661.957009528427
-2010.3387522842484
-711.9549628041552
-1697.4657336354624
-2257.3955415229275
-5916.878734319748
-3563.7786271340196
-1620.8595583303954
-4206.525822659258
-4681.709544487951
-2818.040748117577
-4956.216930113642
-7977.922519556105
-1979.1654029862318
-4078.204501369323
-3693.3487401489606
-4541.998434846358
-1119.7671992903856
-2936.8417720396715
-2361.6489967941525
-3399.3539255884752
-5453.494045698843
-2516.004096277695
-1057.01597758496
-1172.3452966560208
-3864.54513441506
-3896.1036362548616
-5082.608311493386
-2646.773948736825
-1423.0987598808822
-1432.735848796388
-1335.0741256557344
-1520.2805720666327
-2066.73231142642
-1683.4941693440082
-2675.238074676639
-3308.3613384614277
-2829.535966242659
-1022.8044311694977
-6439.0418336465655
0.0
-2386.422984610766
-45.962798656453856
-1044.3428569412756
-3044.0008696951336
-1732.2169164662848
-3849.22013141402
-2829.0687961213207
-2368.16262817646
-6807.757714520889
-1809.2650535508776
-7318.808283876012
0.0
-3398.2415069798785
-8.096709180168919
-56.427566939779624
-2195.479972517119
-3868.490559648143
-2044.2895767527443
-4882.0802614092145
-2563.363826684439
-3112.277892229761
-3468.682023456097
-2454.2951235025603
-3715.055839233589
-3549.291364247425
-4105.285411595896
-3472.9192598968884
-3426.6764187711806
-941.0468901677394
-5076.314381058473
-4465.84543977895
-4948.546532162751
-10494.75817012998
-100.59125078141713
-5620.447866078824
-2497.554874238649
-3103.1262378481433
-4573.714620292607
-3657.8590262032044
-3820.429397374439
-3352.5836693716706
-5842.76048397285
-1087.2313642142735
-4348.526160858671
-4786.366593805317
-3604.7174447557304
-1525.771077867301
-1700.8794750670788
-8372.617341088666
-7196.605780971349
-4362.772791177394
-3350.687647199922
-2319.6661955344975
-4011.489663930673
-3999.0813974561192
-1653.672870510579
-9179.590191660493
-1164.2861993351014
-5880.028036537966
-2981.958060043647
-5032.075678276419
-4922.263852726519
-2947.3986050794397
-3530.6275332330433
-1499.523335072985
-3184.216772137549
-4734.588740510106
-4436.6096655839465
0.0
-1891.4148285475355
-2960.1191514558686
-1254.9399323002408
0.0
-1398.989437087279
-3616.788669031927
-5429.569340948599
-3963.646069323627
-4575.712499251186
-349.39084011016024
-1051.7340985865594
-5026.044483873144
-2136.115018268788
-18292.8292498969
-4895.648049143818
-1171.8718394639775
-5287.2586216817035
-1112.8865515341326
-1004.8042258890855
-1118.4478847175455
0.0
-1277.8265883084437
-3771.0226410480136
-3770.4478028950803
-2822.219909437434
-5707.245362133025
-662.0816892724454
-4345.08565612771
-513.6809133201866
-1302.062361416082
-3637.4720563184082
-4646.228899979823
-4699.252892031637
-5904.752467774191
-2410.1380727132946
-2778.5270414787933
-1418.9068588608498
-4546.8126794396485
-53.95791931399585
-3459.3565033159343
-1722.81845642851
-5476.592585706714
-3299.9152864076386
-11112.083612935416
-5822.009871106878
-4130.0935212652275
-5848.569709134028
-5351.577445359395
-3015.861019280771
-1151.5069244969388
-1393.6006651720652
-5559.664115148367
0.0
-4932.107595176528
-3835.9992855961495
-3497.07711725514
-3179.7362436152193
-1530.4854190987485
-2701.9873011931263
-2656.593219918899
-3850.7568817822817
-4191.8225757212995
-4279.842675181117
-3546.0879933677543
-868.5308230179214
-5543.384878509555
-48.472705791291
-8526.31978545035
-1980.4595077007832
-1842.2370890083105
-2399.611283292424
-25.861349356342373
-5617.534676383378
-2162.5948899210716
-2793.5973780041813
-4949.108348001807
-3256.8447011074045
-4731.836818349943
-3011.8185280705065
-7319.820680639045
-1426.507404956508
-3061.26631861078
-1251.6863514233814
-2306.284664481805
-2776.8543398012926
-237.1621525881994
-2703.7037917909715
-5247.0486494655715
-3012.348883241345
-4000.694292596212
-5731.709124744565
-4351.557057046477
-3574.3177779698844
-5716.6033913169
0.0
-703.2050688492448
-3545.1277627076634
-4465.473172559264
-44.93681829225663
-2572.785366947109
-1306.4344649275076
-709.4061765486796
-3963.312534836627
-5431.473307096709
-2345.7785853405153
-54.84275938007839
-4389.968597589117
-3086.2456428496484
-2024.5174614625441
-3773.5345352221766
-2679.8821683852416
-4584.030728448563
0.0
-4783.878215180068
-3886.5733887893275
0.0
-65.30160939684288
0.0
-8087.318345535451
-1887.9118424504006
-4220.151314903234
-4484.846168637216
-4656.247479482448
-1281.7497321269539
-3603.0204329947064
-1776.8448073759616
-3357.019302246636
-4348.294452293966
-4020.190779471013
-4053.58888246078
-2569.161538161836
-2322.1868334173023
-2542.779736231065
-5304.68354281955
-1732.0438180424178
-3742.6851470024885
-4065.631954699109
-2454.643464192583
-4177.859260174866
0.0
-4740.588570030692
-2126.4737001757835
-3924.997002678716
-1332.7180117286377
-5068.8798515055005
-2484.4974186784452
-1251.027879630941
-2754.7777615599744
-5618.778730996442
-2927.749584261115
-4381.843072479404
-5059.089924019412
-4516.490537506695
-5560.729843943506
-2838.8141429499296
-4601.268696778384
-1842.0863374223768
-2168.0940903001906
-4166.815788457946
-1477.4025749027203
-2152.9850690236135
-609.8158085797176
-28.92653322085391
-3810.2076056568285
-4180.36758121241
-1145.6624195621987
-2951.3056876789637
-3170.116440054891
-1771.0972526173796
-5930.063465290832
-5635.0207306118955
-1018.8226639154907
-4048.921047323287
-3819.0291876775973
-4754.495701013121
-2019.6833777208114
-3792.02074458984
-2810.121510068833
-1490.7369578988698
-2036.4935004224662
-2253.6312584465695
-1074.7067885649965
-3440.493438057978
-1812.4172069337978
-1131.8402262899483
-2397.2860983816654
-2373.5572964068997
-2600.3100778476314
-3826.8087698612067
-5300.163120419166
-1881.8848534281594
-7211.315374829042
-5731.195742570838
-1092.0640894402354
-2881.720925555152
-952.0057462574246
-790.4288920664719
-3586.095542980846
-5310.115860302544
-949.3196125496619
-5726.923252476416
-2833.3257904892416
-365.3655587139593
-584.4892335125054
-3668.8253493497095
-1003.8847679782551
-943.4728145262332
-3117.268886577653
-32550.79804735058
-3203.9749890583485
-4484.236601407645
-2425.890731609209
-1289.9824803316048
-4505.87354908123
0.0
-2667.793780534934
-2158.6514088075564
-977.8477918010607
-2558.662804648818
-8770.8473197152
-3494.0643533059347
-4679.496317696111
-2676.2232910362745
-2781.3788746189653
-1382.923499238246
-3056.761009028421
-2507.681135969331
-1370.861861921075
-3132.5855699816493
-3107.196115741068
-2737.7046268226045
-3814.484645438809
-3217.5942847971123
-6817.939070266109
-2679.8629646646928
-886.5142478637331
0.0
-3407.4602970703363
-4674.7880324118505
-6513.98391169589
-2154.674098613987
-7457.7291188130275
-4230.124334221349
-1792.803920910705
-1024.2159649135174
-49.6869810389137
-3190.1203055041296
-2716.9882528184744
-1558.6266994491664
-3688.166307998599
-3269.6832525257137
-311.4426310075785
-56.46568562754184
-1537.0148214211245
-1166.656742830236
0.0
-5187.8703029254575
-4830.813528526483
-5628.780054768848
-5785.8700925401445
-25.18358433722968
-1356.0575559236952
-967.4101343725016
-3263.620183791712
0.0
-2764.3123952138412
-1968.6001446357761
-4863.464522028004
-7382.244427610056
-1574.5100097719792
-2601.664626635085
-1217.6007538015522
-1693.402151988867
-1666.782145729677
-1206.4567422253829
-2692.757838901881
-3966.49669429337
-1070.219540764599
-5090.147900685995
-1849.4803289453048
-2395.8277496053865
-1902.8802370273493
-5998.854217425486
-4776.176589951759
-1969.3901219874238
-4207.391345337427
-3424.410148038831
-3479.6384685586986
-9984.270661152697
-95.90505875034297
-2804.498688231203
-1341.4247232049418
-2158.871282215838
-62.39036584388791
-3652.3625900693146
-843.2734894732208
-4654.138351254441
-2268.819455126913
-2897.369877117515
-3814.129958267458
-2778.375542801082
-4215.450560200588
-1664.5905912512594
-3315.2128100305977
-3277.829367933424
-3546.539730319567
-57.540836604262665
0.0
-3918.1826460595917
-3383.224751093348
-2838.743840411737
-3213.800423982612
-1779.7940570144237
-2567.819450542601
-4594.76381358606
-5018.000382245072
-9534.321738887638
-2189.48172038783
-3683.0475570998406
-3833.0522090816316
-3101.729959505056
-1433.779122208328
-1500.3588198335049
-4962.822950550098
-1151.2348550309932
-784.2423084269094
-7037.715769023793
-3819.359542745261
-3918.4234587744363
-1325.5702845871406
-5702.280914016946
-2112.2904397530738
-1122.9460245372527
-864.1473826739544
-3485.774777697499
-1986.8491981226127
-6457.105547334844
-2742.4042480348708
-3684.076102254592
-2268.2179866415872
-5111.736292587604
-1491.3789662455831
-4787.43807740798
-3743.8232226177724
-3205.7302480312683
-4183.555277086034
-4140.36077111535
-959.8487880707125
-1484.2353239563822
-2276.8928705347116
-1037.4423729334342
-6957.425627698844
-4881.753238279381
-5054.128971469829
-722.0506282436436
-2770.7387789000436
-3837.8638874695957
-2462.7257528524556
-3224.890043030612
-4706.983044802573
-4505.372892010507
-3044.353557967093
-4541.766011373817
0.0
-2123.6071738784217
-4419.68486388835
-4268.882708811801
-3553.3136699873685
-14584.278225071952
-2300.4991524897728
-11.739435218918917
0.0
-1937.3856768845362
-1751.035121697697
-1100.2679849193985
-3419.114785287815
-4954.3457462469105
-2228.2969726919473
-4126.891243882061
-1232.6996351596554
-1677.874068239005
-8188.918744593019
-1338.5751569179236
-2662.3439640918823
-4313.900871359974
-3696.63810229552
-4107.951208921179
-2251.6262898375116
-1810.5586010816762
-1606.9824737697202
-5284.810919244441
-2678.662531422171
-2315.5862480359774
-1859.2928289833603
-887.7979425763701
-4343.914655852373
-5081.991440916663
-1677.7562024074127
-2787.7088806968773
-2421.3683659430912
-11330.765220149755
-4578.080025999415
-5268.43779405613
-1619.7317945807479
-4588.250586853163
-2902.1784537967874
-4643.62049518661
-4258.721543899183
-1364.5639148949058
-573.8104707452512
-4542.273586472876
-3161.758543424093
-1492.1222996656631
-5410.598818803805
-2396.3208748323304
-1912.2695632061466
-4148.27245482093
0.0
-2146.4091959427806
-1122.6285591756593
-5085.26806469803
-4462.796887466293
-4074.7141853368
-2650.8155195593376
-2396.1616550034796
-4969.8758897902735
-2372.289551404209
-37.92583117282219
-3077.691945814678
-3269.7170220043295
-2930.4439123398474
-2555.768276558136
-4349.209258210024
-5794.550671863297
-1129.0198143347518
-2010.54314934688
-3089.361529463152
-895.8056540283769
-3486.1182713194303
-4748.790229812569
-4942.962366949589
-2493.087450749829
-2000.5420868466038
-564.4564441562449
-4041.201706683801
-1664.9924143934686
-1586.1916387420642
-1717.8482681372134
-4261.3519547133255
-3046.6114009783946
-3528.2364421874718
-4289.971367273225
-1532.17406277957
-2748.3151052721228
0.0
-1189.7780718435945
-2625.132586471413
-3720.7186110360144
-5842.035454887287
-2817.6288894158406
-3079.7262354878326
-4848.544394374526
-4846.686230316351
-2236.008673846974
-4281.474065518065
-2489.4053034667972
-5450.4276065125
-3544.820844269594
-1786.9958146644474
-4258.913859651785
-3896.2724449369284
-9466.237674320872
-1998.8031955473753
-4798.507459152455
-1735.4391613861242
-4897.418101927684
-539.0161961383315
-6496.273801174922
-469.7556902214898
-2254.1085541661682
-1183.2683269867257
-1945.1692098007047
-4727.940267493761
-3497.639357175653
-3596.6909574297238
-1089.9733694006
-533.1786565249612
-3292.8340143261744
-4512.363327307934
-4710.411758630166
-2790.3106049295725
-3148.887439011049
-778.6130268055938
-1525.9633709140978
