-5489.759956560628
-4259.025137791891
-4282.159049762171
-54.5588389035202
-3963.9533369634805
-4835.1157072630485
-1483.2532678270502
-3700.9013887324445
-1965.3935473516756
-12891.774206800052
-3614.8587231188594
-2146.5415763703513
-5280.218326845122
-3939.524389902035
-291.8490862722251
-4677.815742020849
-4005.7936917199145
-2741.0100964772464
-3246.9117406429873
-2607.5292944160633
-2827.0736776106105
-2469.922105377435
-3960.8346670751675
-4304.687005852569
-2002.3978746062176
-3117.8883003044216
-2827.8412111921357
0.0
-2448.8330774194847
-4185.085819158515
-491.07459082680697
-1867.616607693659
-2552.4171502879417
-1175.9081279548586
-4628.572379002055
-2583.195145609142
-4234.959609492101
-3937.070093266005
-2926.4470771774027
-68.6535804317582
-1472.6368652588428
-5222.904059673758
-69.26212336489783
-4170.025752220079
-5395.224996178924
-7130.883971903735
-1408.4345744986883
-2412.853582587467
-3515.520820187506
-1623.1388094647386
-1168.386551254114
-3847.069737453986
-2124.080970655864
-516.241302569988
-2816.4933487415483
-5688.089915364068
-4367.029435718567
-5229.953248280046
-953.645540886728
-3589.437619640489
-5637.412949395559
-4965.822595119717
-2470.910364530885
-3211.9877220199437
-2267.8407253914547
-5901.378989478031
-1491.3025389817944
-3293.6075524123494
-2604.550405198961
-1978.8260799019163
-2379.8799286462267
-4169.020111531661
-3138.402623303347
-1130.1912036314432
-4623.773865173607
-6151.215105599616
-5500.852968661807
-9491.108531630343
0.0
-61.56249642384055
-2357.9435537242553
-1698.6830828326974
-1147.0411125693888
-3774.6460266606146
-4748.868335333319
-5201.496086820768
-4103.959318010717
0.0
-5536.208649167307
-1293.5523864678278
-4377.737095209696
-1644.589143672212
-5385.704057602751
-3392.1065454142113
-5249.020387602229
-3541.395983189826
-7994.0725916275405
-5031.295798108192
-3894.134220166887
-1989.8838847580282
-4184.529852828141
-2476.430021140801
-1539.927893203513
-3916.2414422050306
-623.643510036113
-4268.987488234089
-8691.113960129918
-814.1909357537389
-2690.8690560751284
-4946.228408384013
-8370.353033930764
-3011.5621162197117
-3463.0142084751506
-4125.901302038748
-6760.218116714503
-66.89179863186715
-3817.1108279789455
-4356.472246945936
-5035.0702712496
-1351.593675975535
-2132.734388405274
-2079.9668268661517
-7.1033713788052975
-6517.9020871690145
-778.036995722189
-3090.05694603926
-4513.123940663118
-2647.762026614369
-2959.8854013594046
-2019.2401536246869
-5734.280820889561
0.0
-4719.123900417031
-4065.07967522225
-2484.8807014931394
-5171.722796146252
-3202.7551412145995
-1805.4887693148337
-3909.356012117929
-3444.8176784137654
-924.0328721122653
-4899.017052141312
-3761.2780236237904
-3225.4848521117688
-1747.1126982159826
-3623.340751989065
-2934.4542630843766
-3684.770581398033
-1788.2097333332404
-2774.7607063037713
-2566.861883129813
-2550.9883522783684
-2104.1438420945155
-3371.2375628457457
-3137.8107820765035
-962.2246442715406
-4819.952306609162
-5053.231246725733
-996.9167679072864
-1340.5823643957217
-3294.0059253016716
-5548.676412026015
-3246.485249314801
-3749.3609869553034
-1974.5102844577725
-1104.0774644621197
-5947.496750577541
-487.11503087769296
-369.88118122974885
-2852.081126365703
-4571.183420825128
-1544.5355049959148
-3607.710789166668
-2348.3836620072675
-9080.357762131987
-1795.1139784806014
-5400.934769270319
-2728.32046597843
-4608.085066121902
-3883.944546676691
-1301.8048438645144
-2717.115330404334
-3335.6497546526425
-662.5472839956134
-4259.558787290501
-3196.7186402239313
-2208.076397935411
-1337.040225763826
-5197.210737000872
-5067.356580453425
-1395.5176488795182
-8235.510294606613
-3643.7681058415205
0.0
-4628.576162094054
-2131.760952349589
-2130.651872776579
-2138.0475655878176
-3219.879936867792
-3104.864444462387
-9890.234280866378
-4283.7476715756375
-4947.785955002136
-1495.2438918143853
-2822.78230969976
-1774.1533000995155
-1484.3125354223096
-2017.21535200448
-5860.782722171668
0.0
-4920.422966362038
-3096.9744921468755
-1286.444884853808
-2505.7437057929515
0.0
-1025.6682209388407
-3715.437810112232
-2879.810938223161
-456.8140180491821
-2897.0066936551366
-2018.758342693377
-1634.5173987079365
-4875.25487503916
-2951.555221603703
-2951.558581183133
-4433.64801919295
-4161.503041579979
-2700.5899703677924
-4446.504959831299
-864.9169162850502
-2739.6744136513857
-3313.7010473588816
-849.536365793322
-1986.8692130538107
-3425.569260430094
-2515.6934387755223
0.0
0.0
-5774.059801121772
-4280.11616374104
-2725.910535061238
-2607.0761122110057
-3037.61964541613
0.0
-1065.8185749586694
-3605.07231929518
-3014.5133648424176
-3577.4477130384307
-4577.9327681267
-4583.577460786555
-5114.15938826031
-936.963512165471
-4447.195387190996
-2574.7121452214024
-1192.7056194689137
-1647.41895845081
-4284.778399517049
-1763.924089472909
-4153.510987859311
-7370.516908293171
-1528.6985939208926
-1634.6688654124284
-2908.5274633506606
-1230.3027364859709
-43.643574112855106
-329.70572043827946
-2886.0091689133037
-2853.635222291637
-2099.3243282702706
-5569.60202821233
-688.2486995993884
-5225.234970258462
-5163.302375361572
-3874.824409150676
-1782.2361709553645
-3094.4016872472844
-4847.419462599882
-909.8160765388662
-2360.6382706433956
-53.31412721288541
-3590.4230370681544
-3352.8776102250977
-3876.3947662954174
-5056.533844009986
-3878.9041766615064
-4952.564954059808
-4396.371988195629
-2361.4246706236613
-4932.417636667924
-1513.207037716377
-1370.654236596388
-3804.9546816751117
-1846.5547416866698
-720.6772751313582
-1973.9594174292658
-1036.1871840681854
-2975.678120298851
-2038.67648148231
-898.6475181251197
-1160.6185181565227
-293.20438320812747
-1240.0841726205126
-5141.616026118415
-67.16471068660955
-5409.882810905779
-2782.3854643268955
-6863.159330184517
-6541.888716277236
-8.098141899462536
-3822.9380164935565
-3171.9896557561456
-4671.034114408086
-8471.368952686176
-1625.7902257468181
-2561.2092144307194
-1732.2616759611003
-4106.142308523542
-4787.584165415942
0.0
-5612.401799846847
-4325.755280763705
-3367.59028643486
-2763.7064129178666
-2987.018205466307
-2484.0276610479305
-5327.6061132477935
-3912.9296751125385
-2646.960785534003
-7.1033713788052975
-3671.4323886480734
-3523.1935828517594
-863.08521089809
-2725.456065643192
-5558.407308871237
0.0
-2241.721168381327
-2381.599418969979
-4339.646376181581
-2717.8738682993685
-4290.243262040279
-6367.281280197534
-2528.390174576727
-3157.443345837744
-561.8111694047751
-4126.528020357913
-1033.2967777072024
-5440.061425675688
-2774.3992892294596
-5317.325343983538
-2926.0670143030666
-1438.6561641177586
-3378.700746399402
-1556.3842915629084
-5053.057766695948
-7807.363868155962
-4281.914186981033
-716.2414558323522
-3105.0879157247787
-2999.542119318139
-1878.6349513913783
-2209.256825806852
-2393.635857724823
-2450.8276879558503
-3796.1144694172763
-4085.7930387298807
-2577.8932997020497
-5359.5730643695115
-5191.6633358976205
-5139.22275890181
-4864.260532267785
-2572.5482589659655
-5381.592957515618
-4073.9497726012996
-4791.64345655898
-3543.0128967468054
-1696.4424990971024
-877.8070725538861
-1117.431003135189
-5432.890405654627
-1942.201095554594
-1207.9431137944196
-3484.9304045505874
-2264.9168599068207
-3946.635059140465
-1761.6445682583103
-3590.507628920303
-1933.079995609835
-4039.2692534883536
-10914.665901300083
-3748.7930575613873
0.0
-2884.448134602511
-15264.067294360751
-5222.2285931643455
-622.0881114209603
-51.13146980241618
-4984.958265735558
-4982.200389532672
-1922.0508305123976
-2803.4175625064863
-2841.2239710567724
-5134.401718236629
-2475.0129053335572
-2454.116723062681
-3819.0029047339303
-5557.043627384292
-2686.7586623092175
-3006.825031557551
-2154.013796674838
-1394.4528886219377
-5813.584728231561
-2568.549725987763
-4416.15482357791
-3045.9650584810115
-852.5424702387323
-2630.919072218137
-3014.874326738793
-2149.561721782508
-1294.9122713164686
-3603.809686598251
-1050.4738041836008
-628.9955194988441
-3356.943784861012
-3477.571822007534
-4253.92897008948
-5537.447952686114
-2924.102213500854
-2715.151286177237
-3247.366380684889
-6406.099688640159
-3288.8716992390314
-4706.723329710477
-3653.5125174760433
-10502.596556409766
-8369.833993334272
-3568.879231753131
-2512.038406468903
-1030.325557391412
-2422.8525192950024
-3446.1005718835604
-1968.7530030782013
-686.4056436218671
-3944.073641078351
-2014.2558671336403
-4477.207604119755
-4645.2313020500305
-4972.866961111833
-956.4715762190025
-1364.3288624103893
-8859.362317775282
-839.4474821342728
-1825.7050192435202
-3731.5714447030564
-5130.106107334964
-2804.814851065347
0.0
-1651.4710585936066
-1049.1658769297212
-3151.437677099136
-4749.461851378112
-2826.073654080434
-5668.254796480726
-4504.608413495931
-5784.386133014137
-2399.7589728709736
-4264.43369749001
-4583.319882817705
-2714.6263622841457
-5618.289677935339
-1333.211353463743
-2385.4545395587133
-4792.453973923513
-3923.722983411284
-5717.429445293775
-1222.5101217725894
-4137.12186122037
-1026.9642229485069
-3662.9107828740734
-5057.519497800021
-4311.804837516983
-5172.465749558158
-3756.421147286967
-4218.949409382652
-4514.474557635767
-2480.0121585868
-5044.482359216487
-7785.818526767514
-4776.6760945644855
-5735.594131518942
-4390.582222660485
-2665.1264126777814
-2441.511180648437
-4338.755469378217
-3918.9710979134993
-4206.098290610544
-5046.906883621901
-2916.1342530244433
-3830.3630377801132
-6042.504434314045
-4779.094038608983
-5361.350987095512
-1820.7915425237475
-4012.8065151511346
-2579.301022057917
-894.1662957339123
-2816.380293382303
-7391.559554210826
-1431.008890288198
-3105.5183510292572
-5685.144068629147
-1046.2431826515426
0.0
-2763.526716667459
-2016.8730361450166
-744.766750283714
-1753.5118177485797
-2296.2878321682265
-6175.243581465354
-3593.4597483831335
-1615.6803406200183
-4197.6872204006795
-5037.7672215748535
-2842.4379004203283
-5030.259867716936
-7970.55266511212
-2157.6848265152885
-4073.8939128903316
-4080.9537691906394
-4573.1838645265625
-1113.5095535406738
-2985.42100742869
-2630.614132735132
-3424.0757381535464
-5707.182433037456
-2564.5871252134234
-1054.7834063562607
-1323.7190487237945
-4042.428685925126
-3920.8974333803394
-5100.11599103211
-2653.5169359848464
-1472.831503455649
-1490.9959205467171
-1362.0344259962935
-1486.1115845388335
-2164.3324759059915
-1664.688331790785
-2750.118330847756
-3613.162910466161
-2892.9561551230413
-1113.856859636131
-6438.8463100407125
0.0
-2445.1445166452327
-48.4483537100162
-1051.0261914345454
-3088.0637797243885
-1753.9556659755494
-3857.9156982280774
-2845.6458416477394
-2424.074812844855
-6703.932314982699
-1867.3188403019633
-7406.183949138594
0.0
-3346.0675604027692
-7.877532907903259
-57.141158087878054
-2266.64317848989
-3943.6800454953127
-2091.398856655421
-4950.746857164994
-2636.881825040639
-3182.796974204497
-3620.258521761813
-2539.8346720986683
-3704.084232913548
-3504.955957167951
-4128.692941748951
-3554.8598164044874
-3424.3922350769344
-931.6182588547314
-5275.278368058625
-4449.487273325754
-5107.126709611915
-10496.617802340746
-101.15176210800848
-5646.739480847939
-2502.8235487421953
-3091.309573362499
-4979.963292114112
-3604.7221432575457
-3927.958863933855
-3571.00554931156
-6060.063377161313
-1103.2296339729307
-4394.450766528075
-5053.220095402863
-3567.4414801790085
-1544.1153232380063
-1734.8504789880897
-8433.02508645022
-7209.9406347691065
-4386.517583908468
-3370.2353007215975
-2357.398573460103
-4001.193803052407
-4039.847914200981
-1713.3951547675756
-9209.633998415464
-1233.9187546949513
-6247.202833760013
-2994.963916905614
-5358.681889097794
-5155.685140568931
-2972.25199237189
-3873.317635001716
-1490.2454990666647
-3623.1147346930793
-5118.639573422481
-4613.394983967626
0.0
-1986.054648409709
-2946.3605396041344
-1249.3662600183725
0.0
-1426.3868959905985
-3746.8393291922866
-5456.678934664586
-4137.99704473389
-4658.99274479581
-347.6701496557556
-1098.962361429765
-5410.25938531389
-2168.3189213547716
-18322.785816246986
-4922.879694136827
-1186.331257439828
-5567.665270333738
-1121.797383987346
-1014.3752641951838
-1197.0270473138905
0.0
-1336.1621493595671
-3843.725269918317
-3873.3454375551537
-2805.6375756335974
-5749.821206522794
-690.338103096668
-4401.7937002209555
-518.3649959459678
-1344.773712451996
-3650.7041418343906
-4863.143948470342
-4898.169047755023
-5884.529680095624
-2444.6300059864407
-2896.789563571348
-1452.3789705714503
-4606.642049940199
-58.70111407070782
-3419.095615517656
-1781.9276890246906
-5623.783301464911
-3371.3338486500284
-11207.45978968238
-5820.511369323561
-4192.885138567783
-5894.738526802205
-5328.415245895635
-3030.380285227425
-1163.1565641730515
-1400.5089540934334
-5769.18508984232
0.0
-5309.541570019787
-4189.5651609890365
-3524.351847925985
-3495.4162800315366
-1533.2749399503418
-2711.457915050785
-2743.9111833439256
-3959.8160894982047
-4222.416582069672
-4414.739605268238
-3595.586232040257
-922.5261285328779
-5854.340983748748
-47.15378202163575
-8590.09150068647
-2020.5271825891746
-1948.5329171916521
-2410.573158495647
-25.821890446027567
-5754.990158691476
-2270.8958610380196
-2825.4276366776453
-5183.238341966403
-3289.870405736913
-4664.801394081977
-3174.4046991802684
-7303.624879352675
-1542.1483665076137
-3064.8209059545798
-1333.2397802319
-2324.384550067311
-2919.99683712324
-256.37571239512926
-2869.088655178767
-5480.890155494648
-3013.3162395562344
-4084.5543824196343
-5767.2553054337395
-4555.478339975311
-3565.27788793413
-5879.599894768969
0.0
-775.0030258235853
-3565.0814533904677
-4876.332878333702
-46.9005068800751
-2666.433813372357
-1339.4127332617927
-738.1599506546594
-3965.7948103437266
-5467.8903649048625
-2416.589618102147
-55.728185584095485
-4615.260510895274
-3087.684012107444
-2073.9743106062087
-3882.8991675810694
-2711.7563137115385
-4856.289690375414
0.0
-4797.798063672928
-3923.633705678786
0.0
-62.04937918790812
0.0
-8194.045916994419
-1913.9277426292028
-4511.7034937627495
-4500.683488721353
-4889.382434505612
-1353.2879038903006
-3619.644165638593
-1830.2268122305873
-3450.482159309559
-4770.770462014914
-4082.387566734524
-4127.64641651304
-2542.2456449254228
-2330.391215953176
-2533.6634596026943
-5319.483734479609
-1773.317387157461
-3864.5186962344137
-4218.651584565081
-2458.0112810744295
-4282.870483483193
0.0
-5008.759224231225
-2133.6167517206227
-3933.865495378574
-1385.3275560200964
-5070.86968872344
-2472.5099765482073
-1318.0387542107567
-2857.4475989569746
-5670.740594272245
-2941.407870081979
-4482.4312453090315
-5062.029649367197
-4739.462537243179
-5606.96364506869
-2865.1896184733932
-4881.068800036266
-1847.8809520395826
-2197.6272609778403
-4277.045296644826
-1492.2520773162757
-2305.6049850591166
-609.335166420642
-29.338631062515493
-3811.0197058610447
-4264.228806217449
-1164.787082408824
-3125.378390849825
-3186.178061660375
-1801.0487055244391
-5932.808819795318
-5847.049489451826
-1027.5660035287726
-4405.58313200343
-3947.231562515928
-4724.278063185829
-2027.798326144182
-3818.6616540970936
-2821.9505950104203
-1561.7643048456896
-2124.0319016735625
-2447.772407656526
-1124.8754144429072
-3520.2249845754463
-1869.272731860965
-1130.2270446358832
-2530.410103697361
-2378.108821698038
-2585.0563853691447
-3857.0166504761933
-5558.105328991779
-1935.427708107204
-7194.130426700776
-5958.497946911557
-1137.6148638662983
-2941.0165669913226
-971.6255396658228
-803.3539203454471
-3664.01908478314
-5474.704086040147
-989.0887795558597
-5928.2578425860565
-2863.439376645253
-370.250239127163
-603.659123854154
-3793.6411918654358
-1049.3974372533214
-959.36753635919
-3206.280477539937
-32903.322471027306
-3265.6576407267357
-4471.291964190282
-2489.6786959677147
-1334.11412086498
-4517.053933182596
0.0
-2805.61881846713
-2187.645449824704
-1005.0073102794738
-2596.0873393881643
-8787.274728066686
-3895.7276572961055
-4912.079452573353
-2788.5785299342
-2928.985753564195
-1414.7827581129507
-3051.941310361026
-2579.001990968027
-1373.7428522529638
-3547.6140719880864
-3100.1306945502556
-2726.192715591425
-3786.062784641805
-3306.3793825739444
-6874.490121693757
-2871.331791425653
-923.441195668146
0.0
-3446.4131699961836
-4719.598568949248
-6588.508789613143
-2148.8345217452807
-7716.075538294783
-4493.466986839582
-1888.3583667638552
-1122.5360662057597
-51.59066399001621
-3266.3949832254225
-2710.394001339409
-1607.1404830220877
-3765.952442713129
-3362.912825206788
-325.8398163911
-59.337776636473365
-1554.3315011356085
-1163.1767244841785
0.0
-5433.4712814364975
-4870.794593344373
-5783.076383785321
-6149.868446091258
-26.401686798067814
-1353.3310594504942
-959.4958596682989
-3261.5921628544706
0.0
-2875.2012667132053
-1997.3253428123326
-4918.998027514937
-7419.016833566455
-1611.1344609106154
-2657.261829111302
-1263.1406599644672
-1745.7428774818854
-1712.0910539269578
-1228.9514579058487
-2683.975123099931
-3950.599231130993
-1128.9778708979266
-5162.517095533582
-1851.2478331559682
-2486.129884130658
-1957.2865363569904
-6080.530149954801
-5107.081108830444
-1993.4952215940732
-4215.7246172501755
-3440.8134822931206
-3492.4834371593915
-10115.346275324853
-100.77158590701416
-2816.6851227527704
-1402.4337695837864
-2180.946417229183
-61.7256580479479
-3681.9744861466343
-900.1389321513307
-4873.446295276726
-2263.8880076608543
-3029.41282574696
-4053.188411875799
-2856.3348690568196
-4374.506471707503
-1698.2979931184043
-3349.465205260139
-3607.8624175192326
-3533.4458305946955
-57.81341988316345
0.0
-3922.7898075505877
-3789.3783881076324
-2853.297892901814
-3183.18573056454
-1796.2192385656956
-2597.1843650484
-4803.878733683052
-5246.277174835206
-9606.43081005491
-2302.615328700509
-3766.427475013138
-4134.901060038043
-3145.446789786595
-1503.9359988100528
-1496.6425845033573
-5219.066886450372
-1210.2850977643768
-787.2973676464829
-6999.1679814025
-3903.840415130171
-3953.2907866613486
-1381.1990731705664
-5867.917465261796
-2127.25303965791
-1155.954153300541
-858.9415173603813
-3589.910903558782
-2005.5894217329915
-6521.892039187099
-2810.8946797230437
-4069.002850705431
-2297.1906039025635
-5366.743123648618
-1552.2146638988638
-4778.380210370841
-3803.780322067391
-3280.0955526753733
-4291.812421392899
-4236.409265111317
-1035.771549940364
-1474.0622399595452
-2431.350395026621
-1049.729935228353
-6990.308296931226
-5121.052646176315
-5065.098062176586
-722.1126518695601
-2780.2844392838156
-3862.493505743233
-2493.0125552716395
-3241.273636181865
-4679.329238665644
-4958.840546547401
-3104.365110796834
-4765.90338745949
0.0
-2138.604016663844
-4467.496875949701
-4495.947073538345
-3569.446422459171
-14573.81537669485
-2360.2426390373903
-11.443951273764185
0.0
-2080.8759059112435
-1761.9928081320866
-1149.176293376861
-3431.2327672916986
-5217.040005871265
-2323.266994596528
-4536.709288566158
-1241.6852977221658
-1675.1122128259185
-8241.769345768029
-1353.2244763439098
-2796.622525540569
-4436.619050726722
-4043.1928198892924
-4137.479377125404
-2292.6464789427373
-1816.7140106591216
-1649.5725625120153
-5311.317645750456
-2649.2403216824014
-2371.149186218173
-1961.2290904988752
-905.8415415052135
-4293.2960621905095
-5250.836010487104
-1691.16476592986
-2743.5691660170723
-2432.126029054995
-11376.522850044192
-4816.7362832901645
-5340.26866102183
-1623.6086571144942
-4853.3785305299
-2917.0113119925613
-4729.98055490571
-4315.732539152793
-1394.5835868435256
-615.6330783339488
-4529.3541819609545
-3160.9306163374436
-1568.5198818015788
-5567.753143868207
-2411.554340889008
-1947.91559523877
-4167.790226998768
0.0
-2197.0082567486975
-1200.679556787107
-5380.407491141651
-4501.994477475582
-4058.8926786064008
-2759.4853947387364
-2425.1325333619116
-5160.807829373121
-2344.047534974612
-39.29671765699719
-3179.6550999140477
-3279.92002682229
-3024.097693358151
-2679.4720701726783
-4407.4405912038055
-5889.313150640466
-1175.4300566932486
-2009.9314867529656
-3477.3898858143016
-894.6624808220708
-3523.8518242048626
-4694.6973340216855
-5002.953620352286
-2551.6329319755173
-2070.4924921388447
-572.7139670397231
-4071.678534801841
-1762.090539344945
-1642.1768530247268
-1769.660106418211
-4316.348698916097
-3068.2378986665235
-3651.3541751791877
-4720.321628196636
-1557.1111057469443
-2808.3388077090976
0.0
-1253.7741473654953
-2686.0222570729693
-3781.708603748223
-5902.037257067916
-2854.7009002583814
-3192.581674074308
-4805.845600323511
-5125.030584538617
-2352.2905351219165
-4326.111870244762
-2532.4555167050953
-5617.6388043466095
-3730.766359843372
-1873.949004014471
-4371.800289853674
-3884.824249528113
-9501.058164797754
-2094.037815490687
-5061.599605759697
-1819.3324401345897
-5240.786670820206
-542.6908841839829
-6905.840444642866
-497.83496066858663
-2297.3804354772874
-1183.685067682843
-2011.1446561707894
-4735.917397123955
-3859.930818257498
-4031.963196020877
-1126.234219383443
-552.8328551602777
-3678.5736787941505
-4555.81879869539
-4733.027251173831
-2926.352283335068
-3186.7755421942493
-827.031429145101
-1513.5191547083043
