-5465.815452575675
-4067.211549580119
-4163.263922011127
-54.53586946361767
-3965.0882256417285
-4416.365295238218
-1378.2385409543992
-3537.613000156595
-1944.8938189502921
-12722.072933194531
-3579.0300785688923
-1984.1662342969703
-5213.4448771595735
-3867.1089798235207
-261.37035657612637
-4579.5268124911945
-3577.8953596614224
-2742.352137698098
-3184.881848554194
-2515.0032809136064
-2746.465294799741
-2398.3148715241487
-3756.0089438358214
-4237.115659284389
-1931.5086601762698
-2968.921857149755
-2767.795986630028
0.0
-2406.236709584964
-3871.3700570703063
-446.89073117327115
-1648.1117901485459
-2484.1879116310774
-1070.527619068507
-4575.062224075541
-2556.7305849486074
-4177.908598798551
-3598.727835234575
-2839.7340838246505
-66.92890675796882
-1323.7347413672314
-5225.567688210683
-68.81691415880232
-4124.939742413786
-5087.303194776494
-6937.791841008826
-1353.1975755978426
-2385.590764565109
-3356.379129309214
-1591.4643836359578
-1046.3256258135918
-3419.0189361772277
-1949.2344492015868
-472.1166941054061
-2552.8675005439154
-5336.522725859593
-4196.767146345034
-5180.380596601189
-866.281029052566
-3389.078132382318
-5459.381669945435
-4929.339200537773
-2207.6735053522334
-3146.121941136543
-2187.1349585480534
-5872.570884904258
-1466.9501654727553
-3135.0340802377705
-2365.308074198421
-1896.6196270646328
-2222.738750938341
-3874.874508313915
-2732.0160120403975
-1047.430587704156
-4488.595084856664
-6182.353889438526
-5164.827736817952
-9429.989385626941
0.0
-60.205864123912576
-2136.951731912072
-1622.5343118108008
-1084.5846145587666
-3696.6333571758564
-4310.111703207303
-5151.377788337717
-4110.119419337068
0.0
-5593.925961614988
-1174.1806877374945
-4364.026024843138
-1607.8055682261713
-5297.489466020186
-3361.013453859062
-5189.008822801898
-3117.8887273597493
-7498.262596564926
-4757.74808252358
-3863.372991956575
-1911.2523466118307
-4185.830641359218
-2177.0939368675618
-1510.5437819390033
-3880.3753691913444
-592.3149556856789
-3813.6928464469493
-8528.314933663352
-793.8666315300089
-2585.5498970104118
-4798.231370529768
-8256.253712099657
-2995.361286158638
-3146.678302718012
-3783.4262773035857
-6648.266153093299
-67.42295982506867
-3698.3674747420455
-3964.5098208201753
-4982.290569141414
-1303.4908017529808
-2077.096635110955
-2056.6315446142385
-7.230354792974321
-6358.873576166787
-683.5243914493366
-3051.0015394563666
-4212.227075480921
-2468.8096677253125
-2931.73922619054
-1878.7535492900713
-5719.297543358127
0.0
-4713.984550325426
-3667.2376935999687
-2339.334197574644
-5018.827788608678
-2988.9997916600482
-1760.4440036207827
-3558.696437424747
-3399.584301504807
-923.5722747145991
-4773.932835081301
-3554.363528969923
-3053.9271225272546
-1657.108065002435
-3372.7837856432225
-2830.012071625985
-3355.7832407467135
-1732.9527895087615
-2520.58648410033
-2430.5733113744327
-2541.100539833302
-2037.900739325816
-3234.302895226313
-2944.556441208273
-930.1945364017905
-4789.416966654715
-4895.562809771464
-906.7855971325531
-1293.674743803426
-3290.4349400242622
-5498.4285591383905
-3185.1715651434374
-3545.466232622213
-1967.0150753357532
-1053.6970462658087
-5856.666710489935
-449.9231948507716
-360.68980406007483
-2829.658951190006
-4505.842440527535
-1538.0684279581203
-3255.971501607272
-2268.264893813389
-8966.860713860739
-1664.6090502105699
-5127.524272280987
-2649.2234321138785
-4523.05627184751
-3587.4951398945145
-1229.266123542821
-2556.1359808080824
-3187.8888838591433
-656.4181579751738
-4248.364263528542
-3201.396911955153
-1965.461494008295
-1295.6850033267553
-5179.7915192303035
-5056.628604691889
-1289.8102659247677
-8098.361316927754
-3430.0451408165923
0.0
-4497.894520435042
-2110.224032556437
-1953.9143428677273
-2074.553404483698
-3173.90605081139
-3108.3639468908223
-9594.508441048785
-4183.44612191724
-4895.4954010726215
-1454.1534398547997
-2643.0086911294
-1739.9992747489007
-1401.6554978727522
-1930.7447157767726
-5844.3510057403
0.0
-4884.991688384503
-2734.7589706122435
-1239.4010803370904
-2510.4948518599886
0.0
-956.7009515533051
-3606.308897276417
-2681.1068255965893
-453.3871316455305
-2787.4407186641856
-1946.8170565566177
-1543.718691707461
-4290.32987291285
-2840.0657787539076
-2645.939394285953
-4195.087632576295
-4097.09344760563
-2555.1397847964613
-4023.0093023011127
-845.3046290015021
-2498.8497169071416
-3146.973593498333
-778.2809062658905
-1981.625864758489
-3318.004430915251
-2338.210879919489
0.0
0.0
-5559.589824002105
-4254.832941983196
-2715.969260520026
-2448.375562693179
-2761.2523311645677
0.0
-998.6755719554003
-3459.603421673666
-2744.589405124969
-3266.0856766764446
-4484.522382154613
-4590.1661173679495
-4805.985081255494
-859.4480642246035
-4351.333198901862
-2493.9688674093295
-1167.9012999485742
-1628.9170944489385
-3932.423775487211
-1631.0637784628198
-4079.39892014682
-7262.095300339893
-1473.7967365315335
-1617.3253391051708
-2802.219238936663
-1186.6572740065228
-42.16610737272981
-296.85208589783514
-2579.188272145065
-2784.015820395646
-2052.413460677523
-5475.13828469934
-673.9852161559425
-5104.372073085418
-5040.11560575587
-3725.009635590109
-1694.3785777675096
-3057.1876453898244
-4824.104821540387
-886.5198170194182
-2058.831978012382
-52.49107300747322
-3469.204446429491
-3325.4314423304854
-3716.3977486144504
-4722.887284799568
-3728.027258170111
-4840.8624421867025
-4391.405034668651
-2146.1854713945986
-4934.84702279687
-1444.3339176749557
-1307.8777409751503
-3776.214587273505
-1844.5708499224122
-718.1084850138499
-1924.8114985950465
-1026.4373073792308
-2983.839175143867
-1916.0205954348469
-878.8496376475409
-1163.9166108635102
-261.0970208911479
-1217.7945782114507
-4990.709128833603
-70.01177617646698
-4806.712756052855
-2691.081798741847
-6657.216509972127
-6390.099837311367
-7.9416220326236155
-3707.202962958496
-3124.8053998640285
-4645.064140824345
-8181.017204375844
-1597.843170020571
-2514.07723672284
-1697.7455310394812
-4092.3672141990664
-4417.993089582746
0.0
-5498.618632683309
-3928.6957346752442
-3315.615983971474
-2737.639150952202
-2871.366114012254
-2453.8510149758195
-5075.767183406658
-3491.139231587153
-2631.379016966253
-7.230354792974321
-3514.8412937640724
-3359.665565048838
-794.3062171629479
-2560.159431069124
-5394.2533046260105
0.0
-2058.0143438332766
-2332.058532469837
-4209.518851224783
-2477.5393690848896
-4035.3647925604296
-6194.587961259479
-2510.598216041018
-2778.6882342006393
-467.81714625716387
-3727.2334822319094
-1011.7604741474496
-5309.061709670914
-2538.2105940300244
-5065.792474779402
-2905.2314981665677
-1354.6015384024138
-3260.7514817382703
-1517.1565392241928
-4992.698992140196
-7571.6250695094095
-4041.916624585698
-688.7996903617654
-2803.6087742833374
-2953.164778540668
-1861.926513578597
-2164.0900637153563
-2272.5774074396595
-2374.122313344879
-3646.5297492666564
-4049.1371705844467
-2487.6885005066497
-5223.340627025412
-5017.660146843294
-5017.294605407386
-4758.882689400508
-2501.2716799117006
-5326.150609483626
-4076.5705672140148
-4503.334815998669
-3517.877717391255
-1510.547950677616
-849.0616446222044
-1068.7019825567068
-5398.9443037000165
-1937.2811026509207
-1111.058926627229
-3172.2768359130646
-2195.8256460742637
-3527.8637200856624
-1744.9763061512651
-3592.8444572534986
-1915.202275895339
-3979.2093138875616
-10687.245488849852
-3731.092333589737
0.0
-2718.7900662430975
-15091.789350677876
-5160.693584858564
-615.5835670688491
-50.09470006379439
-4773.513634946643
-4782.406007407005
-1891.05183502243
-2695.9079040078836
-2574.8166303505373
-4773.9502077996185
-2332.8799361485503
-2374.006329153972
-3664.434492539033
-5076.86619982275
-2645.403428231129
-2970.026643538632
-2041.5556144292127
-1375.4843630412156
-5410.185017341254
-2421.5798000972027
-4301.774377339484
-2991.6961182976893
-813.3077276963801
-2557.8520632709133
-2959.5900560038963
-2010.4112242885467
-1239.4395415205584
-3561.398389109729
-982.5408151256314
-574.8587958073333
-3347.681463580457
-3247.1218082242335
-3780.39291262884
-5340.2519140659315
-2929.247978205948
-2551.0330568751424
-3193.0331197323503
-6160.9639951248555
-3235.36173336489
-4608.256789197471
-3537.349799055355
-10049.525690033823
-8286.443325602955
-3551.278405318915
-2194.265168109962
-1006.898649783423
-2336.2676307385345
-3106.819336926867
-1911.0160986148917
-670.7927528304169
-3566.381855993237
-1999.3441743495869
-4419.479782977848
-4609.489116320534
-4918.31869346127
-899.8449489192217
-1268.3123759233213
-8644.944773295645
-797.1160036508332
-1800.7676505095071
-3354.825849406898
-5098.318693401064
-2788.892863366081
0.0
-1615.0132800215097
-1030.0524597138985
-2999.6580013539883
-4371.257020227699
-2572.318421487056
-5132.484925841737
-4415.629224847634
-5719.132225499773
-2379.2945393066448
-4092.9467569391704
-4484.641445801253
-2656.01288328269
-5561.351597033631
-1281.9049124336461
-2343.4817484542077
-4749.158443802889
-3797.7145111475475
-5607.951276842212
-1199.0457129090225
-4112.731236950395
-993.6547074639225
-3630.7710785181
-5037.791914063269
-3943.363239132132
-4878.108369605932
-3609.6944570318187
-3856.585156893378
-4131.937336810456
-2307.3664646609545
-4952.9382948097245
-7726.010812077891
-4672.739914765447
-5402.089771382177
-4371.439831059116
-2473.353714416446
-2230.908448971414
-4336.121121423869
-3886.2700762723525
-4153.192834310176
-5032.587351863038
-2890.6405584333756
-3719.56378434034
-5829.848165782717
-4749.9838014283905
-5068.932166878259
-1837.0882116322064
-3772.315584900838
-2274.6484541204086
-819.6223978084068
-2658.8919584706573
-6943.63767195642
-1372.2571474214917
-3048.321934752399
-5557.552166576128
-1026.9063634558133
0.0
-2554.981348842716
-1779.141374904188
-693.3515949651498
-1683.6207447741397
-1984.7844957555994
-5908.042168826899
-3536.34394184203
-1615.1486425720702
-4214.6417613740105
-4636.560115773097
-2690.526669674006
-4916.759569417061
-7830.66269252761
-1823.151772576262
-4107.332414815541
-3697.2041372683266
-4442.420348490678
-942.1191525142959
-2876.949265764855
-2498.959462407679
-3303.2733414592176
-5584.02018332167
-2496.9890934486793
-1042.2951102711836
-1204.3491946173908
-3831.8725882577664
-3774.0425008836105
-4984.614235921585
-2657.0105800672227
-1347.0413057130727
-1404.2324071045873
-1320.9224036445528
-1335.9475405363135
-1914.2522961730392
-1640.598340906087
-2612.5808744005367
-3273.9484913252077
-2806.9848599600596
-1051.3928716992627
-6370.1533164733355
0.0
-2414.3457242118297
-46.79652909238508
-1027.2474583316286
-2774.128656423474
-1730.8814999363567
-3548.158901966723
-2818.7310301577854
-2220.9093642866255
-6736.755321936181
-1760.3600282865393
-7329.333047385955
0.0
-3316.8349413364112
-8.122955597282983
-56.36440437770169
-2097.8980924454145
-3805.6642544291703
-1884.4618691402825
-4834.377281771227
-2537.3551441997597
-3015.6696609155583
-3318.861069230851
-2351.8864703141357
-3715.4913359357733
-3514.330209787307
-4038.179850253113
-3385.6513992061773
-3410.9563647300965
-910.6733114230258
-5090.0769193420265
-4354.436764327149
-4971.935792485616
-10422.252581395907
-96.55507766605658
-5504.905501546319
-2439.946104327107
-3005.7334569545233
-4532.08943332548
-3614.4155363595105
-3766.8783882817406
-3381.7045133577476
-6047.5699732442545
-869.5727511146509
-4271.32814711421
-4472.364534776154
-3557.5772032204504
-1309.988363718805
-1673.334248513352
-8400.915431439264
-7028.012872954347
-4218.608726222508
-3280.7652523752377
-2306.161796476228
-4002.2746261039633
-3959.358448021651
-1618.9013838113353
-9056.333009417242
-1139.3616369344793
-5831.6478341040865
-2884.5071627740303
-4764.843105554604
-5125.429274822842
-2946.08859581285
-3547.4729225979763
-1490.2801137500162
-3194.908232584143
-4741.473970125041
-4361.454786153711
0.0
-1798.1055101723002
-2898.171139537947
-1241.2863854696284
0.0
-1380.5450504409453
-3566.152070690934
-5204.533031168974
-3868.465521058811
-4512.383136345302
-347.9021744656839
-1036.0767420938903
-5046.684740714441
-1983.8382594924324
-18101.595120127775
-4815.864232059337
-1096.596116819261
-5161.337677169399
-1090.997297230686
-1004.5356793983422
-1065.9169633696545
0.0
-1211.903299319118
-3664.999000742004
-3509.5448874060444
-2793.3755592301222
-5712.753953224594
-658.2137659947264
-4278.857190516421
-506.33837525494215
-1227.7168830646613
-3591.0888417229658
-4505.178735589309
-4570.61930265724
-5826.864478952139
-2385.6057935287213
-2719.5910237775697
-1417.9780860079798
-4487.269745688207
-57.11295792437686
-3407.389496402696
-1696.2039368783428
-5393.377122546119
-3236.396201908643
-10994.351782256086
-5831.36394322967
-4122.378427567021
-5867.675238581809
-5101.0115601603775
-3012.154989432522
-1075.6108077364552
-1376.0869427118719
-5560.869492798809
0.0
-4893.939717869522
-3845.41581930527
-3455.968846882948
-3177.935118984818
-1463.093295592198
-2671.8256819547714
-2565.777483228848
-3748.8942063039876
-4162.179721225048
-4177.835830508817
-3427.8870814144984
-822.3551320782473
-5514.332297086741
-46.948400064663396
-8473.46699236178
-1943.8595225489787
-1798.6209212391577
-2376.8166668302306
-25.641321700761456
-5586.072334909108
-2141.180403745064
-2700.5036863050505
-5104.916717188458
-3265.92092909329
-4671.045612175967
-2873.975292637727
-7317.493131231275
-1449.3939340273826
-2915.9651728973076
-1204.417779877096
-2288.4570592264226
-2658.12169011336
-235.77433342147143
-2599.6834379757156
-5378.426155052449
-3002.5091341759135
-3972.3211227971588
-5704.990550449737
-4532.234347144379
-3531.7876770508637
-5698.597300720966
0.0
-709.1217178091728
-3387.494952765258
-4476.741486235668
-42.1578296541998
-2365.4622170093935
-1276.1587643171056
-709.6711033835018
-3946.206939144771
-5477.565755676533
-2181.728255340758
-55.46577593964103
-4557.413110867414
-3077.513244760495
-1848.379036742831
-3601.672952152563
-2615.397218087643
-4304.881864770877
0.0
-4821.321045780268
-3899.9638219519175
0.0
-61.75756853640608
0.0
-7905.431371016233
-1853.3180076747103
-4214.052235339436
-4356.799847703092
-4780.175739629746
-1288.1957412356712
-3615.4935299874883
-1768.9071041822478
-3256.849772313631
-4329.418707733353
-3913.355023060931
-4029.7416343292625
-2529.4977873578573
-2314.815430768998
-2496.090146038698
-5196.465520870504
-1670.680156440211
-3627.859154102543
-3987.275104862009
-2401.689687636982
-4104.117215820885
0.0
-4900.408216123424
-2088.027591431902
-3930.481852086505
-1271.9435217449975
-5023.05515102881
-2477.633266128817
-1268.5305861408756
-2655.8659386731074
-5577.625729250905
-2907.6366829768294
-4272.765463761518
-5006.47867631774
-4716.261666148155
-5567.046744131887
-2781.0577421401913
-4608.467405400449
-1815.750553413001
-2158.9708749154574
-4088.199097599936
-1471.1137040809072
-2023.4010868764065
-586.1351923443258
-28.326210411343855
-3782.1481692016164
-4166.8994962160195
-1108.7142134704065
-2823.881854562236
-3111.937168089479
-1775.6834185617138
-5878.911743540876
-5751.99365852074
-806.2850540907692
-4035.440887111697
-3872.0583531456223
-4624.684327259107
-1993.6692165709287
-3760.6942842071285
-2803.986437190773
-1424.9861898830582
-1936.8617444296406
-2245.059151419632
-1032.5221796877197
-3365.554117976072
-1806.5985890256593
-1111.9474436769067
-2373.1034861963494
-2340.5920828739168
-2527.2298495342166
-3786.2522344146473
-5537.612729783132
-1882.1255517840511
-7137.516096322395
-5936.88366596669
-1061.9712345056441
-2772.6637683195245
-944.665085748688
-761.0307670927027
-3495.883424662291
-5292.553551948098
-936.7467296812162
-5729.430172874082
-2771.3813161844982
-348.92336549863944
-589.911079166916
-3570.927765625813
-976.2553528948631
-913.5735352000006
-2999.02996218659
-32319.940955180104
-3140.523313806859
-4403.799749720853
-2412.5179842747984
-1297.2306045496782
-4476.345502085069
0.0
-2570.275391282788
-1917.2379410926578
-974.0343057170372
-2292.623623322111
-8789.395383529049
-3468.057066651859
-4644.352011878329
-2570.4530002833594
-2670.691279238428
-1358.3055644517494
-3022.035244091649
-2446.363175099717
-1357.94377523719
-3127.274485371816
-3070.2345913318504
-2731.5804679297394
-3782.8516838557753
-3155.5230082023854
-6791.901566690306
-2543.9744099562217
-845.6158101225611
0.0
-3358.98939613034
-4636.376432621311
-6493.616526797834
-2105.2864838350565
-7406.821271959845
-4198.072576720403
-1847.727633537462
-1050.6084511082242
-48.449806700266706
-3180.827564761791
-2687.1904686825733
-1491.345975187497
-3644.786208191832
-3189.7808014960992
-300.1820582503366
-58.707162134321955
-1537.799160537697
-1155.3356868597755
0.0
-5335.133345838599
-4821.084080638376
-5575.522699382118
-5774.530295388799
-23.70344992687411
-1330.7923028474372
-955.6035998628421
-3222.986867989593
0.0
-2736.782435183719
-1975.744335286062
-4773.2563667277645
-7358.345199560229
-1558.4663037483995
-2526.9367225668157
-1183.5593853581472
-1654.4457474855442
-1641.243526292258
-1210.6491158715341
-2663.358641286733
-3922.0530619321885
-1045.7018779342727
-5099.647621738723
-1841.7443146088754
-2268.662154421981
-1882.236777188865
-5922.341385693372
-4412.671326858101
-1896.6005419960436
-4120.1208738189025
-3364.0817869758325
-3485.4868335936317
-9875.734022227036
-99.72052886486273
-2680.1621627753216
-1333.5391784776568
-1894.9549035060047
-61.17651215122375
-3567.318591452754
-800.6006779598937
-4826.063857539121
-2006.2940802661649
-2778.5845829902532
-3700.66417015704
-2821.8979371618666
-3927.3729998792296
-1615.6680100508888
-3292.5187656527814
-3308.36449605185
-3507.626606956113
-54.47937319526069
0.0
-3897.279839826658
-3382.768790987042
-2558.62747970694
-3182.1604471756086
-1657.2989610351792
-2569.882315230136
-4800.888353040434
-5216.865194261402
-9402.177795487669
-2081.2823002732816
-3638.2543595167785
-3804.9514239861664
-2757.3837089511194
-1423.966250062369
-1491.0816006551688
-4950.578236185278
-1087.2771723629444
-773.1617644720966
-7016.557904706587
-3725.048987840327
-3849.2703941175423
-1307.3183593348358
-5686.737969645282
-2112.6599730147896
-1133.943455630506
-844.2205826589257
-3398.6272075948623
-1677.0550707893228
-6371.123564419493
-2701.8050810084624
-3677.212724019977
-1989.4740401293166
-5318.880133450708
-1488.1949189153731
-4737.228908142176
-3666.889938485516
-3233.030642729088
-4130.961510407935
-4025.6904702954603
-953.3901906740591
-1353.2240943333823
-2161.436595883214
-1037.0260931975497
-6788.986743423783
-4829.740187619586
-4997.90950980814
-724.2668930486909
-2779.210335755757
-3753.6887176558303
-2434.4645549220186
-3181.906741520004
-4645.849599445419
-4508.6821097023685
-2775.07195610576
-4722.302609937748
0.0
-2115.946629536624
-4458.3605355539485
-4475.151668556737
-3547.3700162825944
-14469.27842670402
-2256.5383450794056
-11.72809143265506
0.0
-1837.6948162505862
-1739.4867518736294
-1098.902892110099
-3413.273669118069
-5137.9115344637385
-2155.4781891562993
-4135.846343335265
-1209.9071290921468
-1624.1761591924546
-8023.283582845044
-1332.624919473855
-2513.096771583296
-4336.853073276223
-3686.0193117713643
-4076.6268230950946
-2258.505209220267
-1801.889257315464
-1501.0517975308858
-5199.894740506168
-2671.5749777182177
-2060.9203050337674
-1793.479880087685
-853.8613976801214
-4311.2536123481095
-5022.728863216335
-1633.916607317025
-2724.9911356098246
-2276.478843657334
-11254.13336382781
-4782.321331428747
-5355.092012291246
-1624.2668785121198
-4308.759346899577
-2878.7516377554416
-4631.713824285072
-4216.872276165462
-1321.7498270741237
-565.8311549935013
-4520.2847694477605
-3138.0041661452387
-1484.0735286449942
-5412.803762964803
-2410.909480139755
-1886.3986979008203
-4122.163379616572
0.0
-2094.162994430739
-1139.0086711455363
-4797.324441983662
-4442.629834169613
-3983.756039440338
-2557.2017497881666
-2385.4060124986922
-5165.686214946017
-2320.8486267392104
-36.18984126464302
-2903.9112223963634
-3182.8646703050017
-2863.8275566152547
-2430.873792701468
-4231.688355024555
-5769.36999033584
-1074.0173516062277
-1960.3005842034515
-3084.7623900443023
-879.8833379581266
-3435.612583082805
-4667.688798594556
-4956.4220698123345
-2399.862660638191
-1956.6247238693409
-549.3411926837798
-3937.975538418667
-1643.0494355972605
-1436.0471713198606
-1693.530376566391
-4230.002190805912
-3032.773068359793
-3449.194002170817
-4323.244834998313
-1505.9908486932102
-2699.313326580439
0.0
-1127.2114935784975
-2543.9813184600184
-3660.936743316376
-5846.297497296947
-2761.9419722371267
-2970.700310184282
-4676.084562138916
-4821.304362205798
-2187.2212827156177
-4277.631759075464
-2413.2663871759723
-5352.008817054304
-3602.7540597367333
-1715.6570453237316
-4186.278023772773
-3861.9257623941303
-9408.663409494418
-1944.5553295555062
-4958.203485820248
-1724.0665012331997
-4611.586517319894
-535.9780483756956
-6521.316436566243
-440.404598058027
-2246.086135595518
-998.9214281055836
-1950.8565262984705
-4724.673848368269
-3483.694501137224
-3643.8517578514434
-1076.3761506776216
-515.7305606245757
-3305.6708102314237
-4509.1669458904935
-4642.771773958549
-2749.5318385251826
-3133.2004491862403
-747.0885476214063
-1512.5927331894216
