-5446.223463221821
-4109.172259144582
-4160.093038441322
-55.00471402343196
-3940.233459512399
-4424.721794933161
-1384.5604908238863
-3581.011873643432
-1954.102324374956
-12721.458680417501
-3581.1830726862227
-1927.656167013858
-5226.754342530783
-3855.138155849039
-252.9294644562039
-4577.978929236627
-3592.4043245670673
-2639.389356603488
-3203.5841741169925
-2536.1246799739292
-2716.555965639507
-2354.89059516007
-3768.5577781270595
-4103.651227608669
-1899.1381591767931
-2968.0913317825803
-2748.837850262348
0.0
-2392.861374858264
-3846.6860123149254
-454.78521083964915
-1640.4507621148489
-2457.5360360627656
-1060.651386196271
-4581.400424143012
-2529.7681891634174
-4174.953766125783
-3589.7731978003085
-2811.1533485417776
-68.1267602199634
-1313.8770533775182
-5202.868151968408
-66.39781701042604
-4100.537511606149
-5078.442418323394
-7006.247181450094
-1317.020038148024
-2388.9717614037277
-3375.3866398849445
-1593.452316545742
-1060.4946365202652
-3438.1322345137473
-1851.0890272691338
-466.4262079831629
-2559.9930962091794
-5316.707772662658
-4161.5918056313285
-5242.1570330776485
-868.1926152374099
-3305.57898584165
-5525.108886839069
-4936.632633660487
-2197.1667213707615
-3127.554499097176
-2120.4110629635416
-5858.564239300331
-1439.5023375276323
-3125.099193248108
-2347.352799941651
-1912.0660236499148
-2171.8521091435055
-3834.90077552089
-2745.181039153473
-1011.852045541361
-4470.870618796067
-6107.022444317811
-5171.185436860604
-9436.464273516942
0.0
-61.949402763972245
-2126.8319963497374
-1624.3812874973548
-1055.0801873828993
-3690.147342026561
-4305.285680555166
-5148.898610683843
-4094.666707219483
0.0
-5560.111208130066
-1169.1606686496293
-4327.588958471185
-1573.7998821396982
-5308.64656210757
-3368.433997587687
-5182.7323537423745
-3144.4394933511066
-7438.744550911206
-4751.8083711127365
-3854.749343598392
-1886.439106774104
-4178.9618066212215
-2183.8157035216486
-1494.0214712728525
-3881.9820379705893
-585.0971265940908
-3799.441747403924
-8628.708132521293
-791.1995782192299
-2571.1456928116168
-4763.794222364625
-8396.252032897422
-2981.6406474906025
-3121.169508001161
-3791.9444681430273
-6597.358569380939
-66.86932076377376
-3699.556836179552
-3940.5828972780882
-4999.224429831371
-1259.7601038674409
-2105.774671302946
-2021.3045009626621
-7.064263806401679
-6424.343609334749
-658.6778098668234
-3056.557336017602
-4181.561435761509
-2402.59266630462
-2927.992825500574
-1835.7270490923208
-5700.542296186707
0.0
-4685.2929032482325
-3659.0699128911697
-2264.275324885695
-4910.546352350485
-2926.1425438822853
-1762.752900528891
-3550.020084647595
-3353.2238741625633
-916.6148968113966
-4843.29344833392
-3564.9932371427244
-2989.430312811782
-1629.6367948855266
-3325.421493047303
-2829.9626633344915
-3350.3780151053897
-1700.7266440115413
-2507.8974085872724
-2444.249627758463
-2555.004914774888
-2026.5495662094816
-3151.9215913664802
-2910.2233114746
-939.837869588197
-4755.917254390508
-4833.9801226501795
-897.0558958797027
-1298.8084728219158
-3248.9617390589997
-5560.373662065174
-3162.6693246750638
-3526.9145423934465
-1961.0527799257648
-1042.8931602392531
-5946.901152533966
-403.03402061735187
-361.1215299665106
-2808.4349034595884
-4490.929623676472
-1532.0665276178067
-3251.6664829035735
-2213.4479898686413
-9074.808200558811
-1673.328264445356
-5097.241535616517
-2655.9134639785093
-4505.330290407373
-3573.605628964166
-1243.546433379742
-2537.5301667073886
-3130.8870946552083
-659.6891477608534
-4176.800353327684
-3153.65874829131
-1956.4681612964605
-1278.4849660371663
-5136.465567451938
-5036.962333776588
-1292.1198905233769
-8196.249196161163
-3341.04444637364
0.0
-4477.687546908366
-2086.440864061438
-1955.3896704355254
-2067.712486566592
-3184.5886239792
-3091.2309015577825
-9351.01608880056
-4218.917892607112
-4879.14892593002
-1463.4518635787074
-2583.395659250218
-1748.1413607239701
-1359.656342892307
-1919.805889146536
-5840.7187016539
0.0
-4928.303700715488
-2722.594175463574
-1244.5386585171839
-2467.9387711410754
0.0
-972.5681714998732
-3658.9090570440535
-2670.173852345548
-451.1533324325446
-2792.941187565771
-1921.7858056273583
-1536.3894037336881
-4330.431043107154
-2822.7819650292195
-2625.7131202720916
-4223.9028133823585
-4107.998441525915
-2492.447586250115
-4012.0588537919716
-849.3010065662135
-2490.888094893807
-3151.4706172348147
-774.0868218300625
-1998.477071833165
-3282.1068909279957
-2298.6183890368266
0.0
0.0
-5521.652967124966
-4221.4406740489985
-2683.9624558911764
-2465.826366854007
-2752.0378800610856
0.0
-995.9320285586423
-3443.3519019382757
-2689.7910131521103
-3278.7045096055404
-4481.076723081636
-4605.897063963958
-4819.263301805649
-820.710062396836
-4282.822751500602
-2456.7500142433128
-1145.6321222166164
-1593.359891514078
-3925.2631217197004
-1604.8844717537208
-4040.092279724758
-7346.100634041422
-1450.0932660935348
-1619.7045544327323
-2735.062905900938
-1183.4812404692764
-43.25737176902196
-288.4235407196686
-2580.0113510274246
-2800.715332519251
-2023.9158812181724
-5498.202872191828
-669.1500727214351
-5082.7747054687015
-5093.52247551694
-3682.077169100384
-1679.2068480489727
-3067.8013376396393
-4862.28341775445
-886.5085533985068
-2059.8280230277123
-53.40405826178646
-3445.8999114409294
-3261.5237479848674
-3702.2911890246437
-4725.609266944166
-3705.363784827222
-4801.1637073023985
-4335.408118623116
-2129.2184787212345
-4861.542829112386
-1453.3971906500014
-1318.6759947610296
-3747.9212124246687
-1833.5646626405828
-718.6599785653347
-1883.154178822337
-1027.9861217475948
-2951.9272029492527
-1942.5941416400954
-867.2567574417878
-1148.1183315717176
-249.66447656269887
-1224.248018114675
-4966.642691678972
-70.3056922921066
-4841.355420867355
-2676.3121059086297
-6726.142600814994
-6392.963281368429
-7.758238890074302
-3682.6893528347596
-3073.5960728575624
-4661.882294798331
-8192.121390476923
-1568.9991903549967
-2480.144120917398
-1706.6779403050039
-4056.6503419282117
-4429.002658138644
0.0
-5504.456073340229
-3921.215154338431
-3288.2149234973363
-2736.1832593131076
-2839.5356585970253
-2426.7791283774054
-5089.244804972979
-3503.1609568224926
-2610.866423034399
-7.064263806401679
-3495.391505866602
-3359.0020103097804
-779.2292992966754
-2486.8734560503353
-5350.719932293319
0.0
-2011.421306435693
-2320.9949114267497
-4129.60310094251
-2494.2271534672172
-4009.855244087182
-6212.691782960107
-2486.1597500482408
-2805.352817767905
-460.90603625883574
-3686.4156494908807
-1003.194703768516
-5307.197123048211
-2468.070562000403
-5105.743380562778
-2836.078467188543
-1342.6764571629583
-3225.6206313587163
-1487.6068125488503
-4957.5193417405235
-7657.163349144349
-4031.6733145308694
-683.2689521665003
-2837.4184966655152
-2903.161397076529
-1848.2491171852325
-2110.7185599404793
-2197.5836258406907
-2344.150061508815
-3577.913640157465
-4016.7780442491826
-2472.0067652782927
-5214.927705291368
-5023.291336131352
-5007.856859544659
-4753.408730321003
-2497.744291269514
-5355.426814955343
-4025.8837607273445
-4503.482661423165
-3487.7822827336954
-1493.5171048320312
-848.828861174397
-1062.649298795741
-5409.734571560926
-1913.6831740183318
-1105.3440703414456
-3170.8318951822616
-2127.595870749474
-3518.69014059695
-1720.4426433363215
-3557.0011147674195
-1920.6717498112507
-3884.301207509886
-10628.899339990889
-3685.9584431766125
0.0
-2688.06155222273
-14995.4189054055
-5236.9186417326055
-617.075757351701
-50.10753955807054
-4792.76140721235
-4782.4496231935245
-1853.808704538853
-2693.2689194333852
-2590.7542366045614
-4750.780117461282
-2275.1798260749783
-2343.5511304538427
-3605.482012432078
-5054.691440032215
-2597.2797856378147
-2981.213551318864
-1991.5581157145884
-1325.4806806255326
-5431.6863107276595
-2435.6234613612864
-4276.480583695692
-2959.0793163076974
-832.1819403261474
-2518.6281633771287
-2915.177773964899
-2008.57928848836
-1246.844872497568
-3527.2957062172395
-945.311098768652
-573.5696290646479
-3280.200654661256
-3196.2764035764385
-3795.366092787413
-5317.032094217486
-2877.4834362280376
-2571.125617247725
-3183.7008855004824
-6121.1926773678615
-3248.3075987659477
-4566.257817399097
-3516.2726210994806
-9951.582242560005
-8297.453559883686
-3527.391590600701
-2182.04311928139
-1004.76831448481
-2332.2969522092794
-3087.7964563704727
-1912.0478023261508
-665.8414671172549
-3561.6876596702214
-1974.825757391615
-4393.793952139915
-4610.605608872342
-4943.539442556472
-884.8199592431092
-1270.8015339323556
-8531.804221552386
-808.6171808317948
-1797.017635841724
-3324.717373179459
-5104.033381473619
-2756.511061626135
0.0
-1551.5573888582135
-1040.7166824065878
-2929.783965056536
-4361.367762139424
-2552.674819647015
-5150.715410234688
-4429.247646749357
-5748.658143497095
-2359.5318983049256
-4085.7850964976087
-4516.90828880307
-2643.0570732282563
-5535.197208973501
-1283.4471020781673
-2348.6521845503776
-4771.5204250025035
-3797.8087313243227
-5608.228870362295
-1179.3742553959187
-4090.949259917449
-995.2653718756707
-3610.114063619038
-5031.3336042089295
-3924.590012851596
-4857.451082369716
-3563.2205101748477
-3843.1141631903815
-4119.44746051328
-2270.9556137840796
-5068.771738939372
-7737.539904345833
-4766.856570906167
-5375.952337029966
-4360.571456938932
-2471.8093132278104
-2226.564752390749
-4312.208780858287
-3845.2346193636085
-4123.032046076358
-4975.337272404223
-2833.6661748540937
-3668.7133434704206
-5787.42774624571
-4708.398519562957
-5037.744140174421
-1830.5109011803065
-3738.3922386651807
-2239.5795411977615
-808.7710270955216
-2694.797116904566
-6960.17604496381
-1381.2000620003596
-2993.0814088874813
-5575.66548512921
-1020.0121049195608
0.0
-2486.015249643574
-1769.7261306839239
-705.3031403334317
-1652.2150669558691
-1986.377277397655
-5907.8206598677425
-3523.8165467110553
-1597.1350530012555
-4176.918865213798
-4643.087727202702
-2634.7511324068287
-4933.34586686398
-7753.949260327788
-1813.6565658280808
-4066.33242515807
-3675.6145671214717
-4447.634813847962
-932.59706752377
-2825.666031242276
-2315.080550550267
-3337.8615239549163
-5703.181214488652
-2402.0671461329807
-1040.024032970332
-1269.3702679442492
-3799.96451986479
-3861.931635107451
-4937.712817262397
-2641.510359505302
-1339.5500222753874
-1428.1909137995067
-1302.187782721042
-1324.8254484135437
-1925.5600097018055
-1650.647823726011
-2539.6048099830205
-3262.934054132214
-2849.869218881602
-1020.0797343876856
-6343.827760728479
0.0
-2373.5179004674715
-47.20479825512338
-1022.5995110672982
-2782.5727418437664
-1681.885398565707
-3524.2364665465852
-2774.5810605784854
-2171.0920618701443
-6711.465317196149
-1768.1086516494242
-7331.580176539554
0.0
-3296.6580942286714
-8.292131283370178
-54.787640950505455
-2043.4567317663643
-3793.5253580235544
-1887.3989924379412
-4847.66320886866
-2562.0478769871556
-3060.4950879567505
-3281.7711221072877
-2270.844073348739
-3666.376277723195
-3458.7826173003273
-3944.295852607854
-3319.4115721003654
-3373.525574247849
-899.9141557869921
-5101.371793693643
-4298.6030877195835
-4919.919407111605
-10281.550255847915
-95.04660517465318
-5475.3432649026
-2435.516151324332
-3027.4023710215206
-4571.625339245801
-3528.082819713202
-3763.9593417516035
-3286.480856602952
-6117.1794116072915
-863.1589709596
-4227.3978517848545
-4501.829598117469
-3514.500212326944
-1306.1120148355403
-1660.0318706301548
-8369.327137109274
-7056.371017872431
-4304.055427064079
-3259.915143369419
-2269.3816472314306
-3966.1696684045637
-3940.8926526250884
-1635.1761374096345
-9010.07378667919
-1139.2769289117857
-5829.199515101075
-2927.8367583565214
-4782.342669469723
-5144.071545222617
-2859.5233621105567
-3524.510931275149
-1482.56369971316
-3206.6255539529247
-4735.0425354152385
-4307.405777729492
0.0
-1833.4630827170627
-2846.227826162583
-1239.8589630851993
0.0
-1366.3163505652722
-3608.848076012937
-5285.2724328393815
-3865.8552218509913
-4448.358835116039
-339.385025299331
-1034.8480675968058
-5038.872771454569
-1860.441408258452
-17909.644030480566
-4830.74596958594
-1100.2610394999929
-5217.621174419123
-1101.548997798917
-1007.2351768855774
-1068.6447672599807
0.0
-1189.871873779581
-3664.227814801699
-3500.063556930581
-2729.1766464839056
-5699.546128837458
-656.7765290248567
-4261.681569464712
-494.57370361333585
-1205.6047465533413
-3552.5780255296686
-4493.644866793073
-4516.485406727161
-5778.728829164423
-2380.5741966133105
-2682.4079132173283
-1399.6125709675193
-4469.438312393298
-57.55176544448075
-3383.514810023387
-1676.2861221293297
-5313.795181801895
-3166.705553266883
-11052.004433703272
-5762.278696229365
-4078.271308307421
-5877.8808191279195
-5183.637973448652
-2982.286189754675
-1080.4652362644606
-1355.5231096184316
-5570.150980208148
0.0
-4902.452056255186
-3819.9129337013187
-3453.3265014046906
-3150.725347541028
-1472.8407670529953
-2647.743881156864
-2519.059939364288
-3702.600790601451
-4087.5072680333647
-4156.437259486782
-3354.7050661090675
-814.1703488341599
-5527.064459934001
-48.60368719613214
-8432.45450104863
-1921.4779089058084
-1830.2031361656982
-2320.212055306785
-25.734485348016808
-5599.969849143031
-2145.520393805917
-2721.5475046300717
-5153.6816804261125
-3222.4057462455544
-4594.095455152266
-2876.9998020828634
-7327.724403858729
-1446.1654930026089
-2922.1455059894984
-1187.8154231891756
-2253.800018477074
-2663.4702768192165
-216.12593447022297
-2596.7934829648875
-5402.455425410926
-2967.8506106322784
-4001.8483100565154
-5577.925462668443
-4535.871739079358
-3462.400736493925
-5682.216069866345
0.0
-685.688827143013
-3423.318922367755
-4489.041755597664
-43.26524850429194
-2369.4226001293073
-1269.740013087915
-704.32682407755
-3941.578805573759
-5466.919079999845
-2125.5388268776587
-55.57748249987776
-4542.79656673575
-3028.964153824258
-1795.2960962472205
-3567.4052383057387
-2604.7000303788323
-4320.57561868918
0.0
-4803.438763368146
-3897.038497451044
0.0
-64.0624042617999
0.0
-7887.948670182324
-1850.289118053567
-4190.670500899383
-4301.94125795539
-4812.703216493546
-1251.1047296263332
-3583.2487695499185
-1748.5773016585752
-3266.393222461733
-4304.72277662096
-3898.2835234104496
-3985.6973020897776
-2519.8289869680802
-2286.9566043268196
-2452.010746845199
-5172.2451961173065
-1674.642560794735
-3634.947094761409
-3983.039924525908
-2390.6847727110194
-4068.1785916863996
0.0
-4983.044547061374
-2075.815379373774
-3919.3871281289744
-1263.6756356327442
-5025.030614963791
-2411.96355896815
-1222.7447171910699
-2622.7569830475195
-5505.540687747508
-2908.1220351105
-4196.555222011448
-5025.967572609904
-4726.711460059902
-5529.508587782783
-2751.4993502493894
-4599.150200603406
-1825.8869669675912
-2129.9033873427625
-4019.881104184843
-1443.910478044367
-2016.564377266943
-584.2620927897475
-27.385130642823558
-3738.5910834677966
-4148.318261538501
-1096.5862629373357
-2792.413370491334
-3085.5513540954594
-1702.949398975739
-5779.170376849876
-5780.574075234388
-801.3924343022752
-4042.5940058228675
-3842.9939689584767
-4622.35774420315
-1948.2263173088027
-3772.900231949552
-2780.920469915721
-1436.1469105441615
-1915.3062257523727
-2232.4034734769543
-1019.0577501478797
-3390.7481132376324
-1785.1069871842965
-1098.873130866603
-2376.1929005775537
-2337.1233241806526
-2504.0132692119164
-3785.253871414772
-5534.92583431895
-1844.5948077765809
-7139.494451826631
-5991.322692624125
-1081.5114879880348
-2715.67592003383
-920.3536565322506
-763.1158790571898
-3475.35079972538
-5299.667558597632
-945.2272319606777
-5700.598575106788
-2777.0153513765595
-341.2192200842414
-585.7973203700116
-3591.2079691097174
-983.2898592761454
-909.3511785951413
-2943.9451441053393
-32378.099611800553
-3131.204388408403
-4412.581184803128
-2409.0760409730583
-1282.9230684253587
-4396.853786039178
0.0
-2599.670930602294
-1909.8198505304574
-933.2844802470594
-2299.465851111859
-8707.957713004818
-3486.1929202915694
-4629.615745610022
-2566.5127038686833
-2687.6595957769637
-1331.7521151448796
-3017.3691938709144
-2355.058085219045
-1367.3928768981275
-3144.5983776923454
-3073.8648387284316
-2698.9100135384515
-3743.536226974661
-3134.6647689468464
-6740.775505461958
-2520.393646069462
-821.5698746000191
0.0
-3259.7309766165463
-4579.1377969668565
-6471.519846887514
-2078.378743934025
-7380.136141306655
-4172.958660835848
-1804.004887457
-1039.4566508670696
-49.663964312819665
-3197.5854206988697
-2631.7882568085415
-1485.9943421845574
-3558.4614032392346
-3200.748682188253
-290.56769039676374
-56.96352682643831
-1532.6789650694732
-1144.971255711686
0.0
-5440.153640007299
-4834.132885380898
-5514.250915847575
-5773.3615069914285
-24.26112251068697
-1332.6194568424378
-951.0149033594549
-3226.6654435338783
0.0
-2694.6535597222337
-1953.3737901567904
-4701.492096756971
-7366.35754583797
-1556.0637454026864
-2428.2036071915254
-1163.618510821791
-1637.7047581788217
-1631.9962303841005
-1213.024991837308
-2636.3893014974474
-3777.0607818924386
-1036.5793032658498
-5092.159802714386
-1840.1811402699163
-2253.126985833248
-1867.7888622581777
-5902.0941774892235
-4496.472551340415
-1872.075094700853
-4051.2090078307037
-3350.6724881644886
-3428.3279199598246
-10054.754139215831
-99.64597733437887
-2681.2619465095636
-1348.0469383144912
-1890.820663547791
-62.71229624312737
-3569.8028514703824
-808.6200433619483
-4860.076757251648
-1995.2201920432524
-2736.4473301371568
-3688.2806657548444
-2792.227667534474
-3898.3212760561773
-1611.6554461418516
-3215.908604727436
-3284.4605230170923
-3467.811777630937
-54.420066482405524
0.0
-3889.803086269538
-3381.276400293075
-2564.9311326810675
-3173.1211240714642
-1653.2947623694176
-2570.5714539564165
-4819.149021568422
-5200.975576398923
-9473.693064876863
-2050.875385117532
-3562.921559888434
-3808.665892039826
-2786.0689077896104
-1428.1321660680708
-1482.2081601794898
-4962.695536784322
-1078.2818796026368
-752.2083466929017
-7013.236368274664
-3675.914220029832
-3817.2476437971595
-1303.8166826463068
-5679.03824910887
-2092.5547778593505
-1112.96804923032
-840.1032734679283
-3375.7728133788464
-1684.736232347688
-6358.524292428176
-2576.5505639796747
-3651.436037199668
-1987.6776211561273
-5349.639391906045
-1471.332117403401
-4657.652529951198
-3653.3249582467906
-3251.0089935496276
-4091.503419504158
-3993.3455098553095
-938.6321060331949
-1362.3964226583307
-2141.118900042645
-1036.6444590732447
-6801.991386784107
-4805.313122031841
-5037.457033810077
-718.3799797664556
-2765.5531306567527
-3714.993793576474
-2422.5275131728067
-3171.706811328186
-4626.980249022759
-4523.397019072523
-2776.498074773408
-4750.02341654965
0.0
-2130.9493836626953
-4425.623655412372
-4475.60423483264
-3481.176853760323
-14425.715104292958
-2245.6228369561336
-11.255320700035771
0.0
-1825.5713523207614
-1742.1847688773837
-1095.4667766022112
-3381.581182019997
-5174.80370909855
-2189.612274803925
-4128.665616575123
-1208.6627565857225
-1613.3303875431163
-7964.33687474323
-1286.958344366335
-2501.2453745205685
-4341.865851916503
-3688.864871723377
-4054.5132578004877
-2242.1701094177006
-1804.1051363224974
-1446.6606908773706
-5238.184969588079
-2661.047940686414
-2052.568856802389
-1819.5034581648454
-847.0461655902128
-4180.782019669404
-4980.522609993739
-1575.4446019115576
-2673.797946161987
-2280.735296004338
-11196.58763749058
-4732.957010885641
-5321.006507714934
-1617.559459741186
-4315.513163489351
-2875.0708944474154
-4666.320910204661
-4169.953119729167
-1321.5076108001176
-573.4448278917889
-4381.5518435329295
-3123.419420547453
-1502.3256510401643
-5367.658798071627
-2375.1144508286193
-1844.8344279175528
-4039.0755632443665
0.0
-2112.8397653587563
-1128.0976386215234
-4804.654074215528
-4409.28007904465
-3917.348520253423
-2567.147035044703
-2315.7127393036812
-5170.783609253489
-2203.4197132277313
-38.81064245992143
-2894.371479395195
-3196.764674288116
-2786.3056908292237
-2430.0141842653898
-4179.156880842504
-5707.294828430252
-1059.4286125641693
-1868.00659395112
-3079.245778067869
-879.9015877416114
-3353.5699024314886
-4653.305003130943
-4979.612262437651
-2322.501435642885
-1940.6318755199602
-543.7034899021531
-3930.3050684975387
-1685.8091971805836
-1424.3195006270605
-1666.5764012260763
-4199.50614492461
-2994.875484955812
-3434.341368715987
-4299.713141775618
-1511.4569403333828
-2701.14358923862
0.0
-1128.2457381664383
-2545.065420924797
-3620.2318669699034
-5842.108968531141
-2760.49816155903
-2971.900169332207
-4762.433450504652
-4789.703642994041
-2226.528867094351
-4176.787750663558
-2415.8158402047075
-5304.21257710009
-3592.249751915582
-1674.3665502740118
-4148.75877837103
-3832.189355296008
-9402.400574845464
-1989.432212646312
-5018.593351585781
-1697.188932273088
-4644.834896145594
-542.101893235799
-6484.705274252589
-427.43543587952985
-2245.5157640086677
-990.7333419387563
-1916.4045553485105
-4672.869509729615
-3465.427257069996
-3612.0564995732916
-1088.2685351518644
-534.3763459472316
-3302.4469991479164
-4456.950988531474
-4660.93029492088
-2820.475017927359
-3120.152810479746
-753.922169325206
-1497.9342755867553
