-5226.200390518973
-4086.5871528034913
-4202.161052819473
-56.22820469748614
-3942.2720970265204
-4446.457687372083
-1385.8794623371657
-3607.956763274095
-1961.9414540483024
-12696.080926470002
-3604.053786027531
-1931.0369506708012
-5060.93437535128
-3844.5370953224183
-255.67451469728485
-4607.233166077117
-3563.829903666399
-2714.0102924501016
-3231.5108884995097
-2558.3716101829427
-2790.3537211624453
-2377.5159233739378
-3754.643376040274
-4186.236269241007
-1879.8651125977135
-2977.6763367666704
-2754.641202749889
0.0
-2374.3862401695087
-3858.7727457150804
-429.4205719374469
-1728.6852452351548
-2466.939165851135
-1072.354069878546
-4371.424514635167
-2541.4771536966714
-4113.446484786639
-3734.733777350572
-2822.348941738356
-67.1403584415972
-1323.592148090866
-5170.857642167373
-67.51591466804183
-4113.045427814768
-5111.386401685102
-6942.986868849772
-1328.0991626093587
-2395.5694710223543
-3433.3054753030415
-1601.0318385425626
-1040.6828529286574
-3429.4549230404746
-1931.7667475011976
-457.64464649196066
-2671.061525145585
-5339.236112521773
-4215.252710951495
-4983.795353551654
-867.7199380882263
-3425.3832240416086
-5185.872233969953
-4936.049409210155
-2199.4144131059197
-3186.6868549267792
-2175.8425759925644
-5676.366243998604
-1450.789912883734
-3161.539823443587
-2381.7925510942364
-1936.6432112315517
-2196.2163647899383
-3958.0572144267803
-2736.005946061682
-986.046160500666
-4519.081255443272
-6176.326710736387
-5157.279418535657
-9501.984249063235
0.0
-59.83770882234539
-2247.4833069403217
-1655.6534139332628
-1062.8234618677488
-3700.6895645612954
-4276.868773918022
-5157.466517541588
-4094.3687639763384
0.0
-5479.992161261349
-1169.4724201824647
-4343.969058849187
-1573.9822588681718
-5322.915339674082
-3372.1028422783615
-5043.0028819212275
-3113.1413084429837
-7490.34028166502
-4777.1522276442965
-3853.3012791181327
-1879.14646545413
-4191.195568822153
-2182.929834556893
-1548.7450445036031
-3887.652482304452
-594.8316687818372
-3798.281091865603
-8627.541646377216
-787.72062868723
-2548.165839613243
-4776.957879144041
-8225.436849757109
-2966.223017686444
-3284.070057384364
-3785.8141315292473
-6639.196570753115
-66.71427870456449
-3743.0982373338375
-3957.52665816256
-4778.16858047057
-1281.5496333536148
-2098.1679258493223
-2047.5307421130829
-7.11189889747042
-6368.732329062322
-657.9194266980589
-3062.1357027536937
-4204.46812731884
-2483.58053816092
-2874.8689669413843
-1867.4031505830287
-5664.725766975956
0.0
-4515.707024748432
-3665.252192104022
-2330.149086518602
-4994.534491192142
-3014.172752455229
-1758.3596510055525
-3536.6250630488084
-3398.9589356969
-920.515197502956
-4813.060906256911
-3549.9109568319295
-3090.1044807482795
-1697.8514565073767
-3370.7417231898685
-2856.1251862293816
-3358.5890938942684
-1698.7212332423335
-2500.154787152376
-2429.6874442982353
-2520.9199516001477
-2024.8037509575456
-3217.8915956194646
-3000.3880043229365
-925.6988425180687
-4756.9058090955405
-4845.413604162403
-906.9553403195711
-1272.794351762474
-3270.6378966111424
-5309.840985501845
-3215.170326892776
-3565.559507474149
-1963.9673845486875
-1035.9704323718381
-5725.888162180343
-423.41759475544353
-361.58878263992676
-2813.6384133393585
-4498.79391004222
-1544.066511724991
-3256.5186954932874
-2290.346476592153
-9065.847973354996
-1653.3859361366094
-5120.922986909714
-2649.68473777786
-4570.091311665357
-3660.7149110067794
-1239.5013723676625
-2468.431816018274
-3183.616582601259
-652.7010407681267
-4189.50921407408
-3180.3144149578848
-2074.221603947651
-1313.3795969297005
-5153.887956127091
-5048.029293830204
-1275.1686766500106
-8169.878650678519
-3439.509932203851
0.0
-4541.88630539773
-2072.4930675700466
-2040.9716305855084
-2123.605023094538
-3195.783435443819
-3105.2569988367572
-9457.84270640274
-4213.200595338084
-4895.9929967856415
-1454.2962638781928
-2651.642954861024
-1746.3840383010456
-1358.9202837811135
-1906.9999912103783
-5797.517004977467
0.0
-4687.135764624826
-2906.356882281902
-1233.9300145469313
-2470.1820392356126
0.0
-954.6545415262146
-3665.970750199254
-2673.178762940388
-449.856367534529
-2802.592068582978
-1967.6468818142323
-1497.4898364264488
-4333.55431622352
-2879.095119247218
-2713.978775100019
-4227.133721303432
-4113.988792179356
-2548.0244197204006
-4027.777361730027
-847.3868358600241
-2496.645355715658
-3202.843350993625
-758.5020662637645
-2014.107361993971
-3310.300172969408
-2324.0842784742053
0.0
0.0
-5550.684248853787
-4252.158003782587
-2663.5686578411924
-2457.5105158496503
-2751.007455711373
0.0
-994.6730610038995
-3467.318497099988
-2805.2421748918896
-3264.813505657898
-4533.957906645954
-4528.505233495217
-4815.4854497983215
-825.1195840466808
-4251.306932709491
-2554.624866730709
-1169.125173137146
-1583.148171200849
-3932.8566370529106
-1670.6626386750042
-4016.9204092002115
-7283.309498238601
-1491.8792679972769
-1630.3186895887904
-2807.1402290703654
-1183.4250572357923
-43.68415011133925
-284.3093165060823
-2743.4790811308335
-2794.2849963397953
-2044.9516335500866
-5335.349470112009
-651.867849212296
-5144.437840310175
-5097.852416616048
-3737.7605953811153
-1714.186961046076
-3059.031239764681
-4628.958616982823
-885.229135713929
-2064.668472086366
-51.498680648735345
-3504.824003580446
-3284.5403506665994
-3741.9303557081953
-4737.168782987445
-3714.508835630784
-4783.064210576416
-4345.9557475575875
-2151.361083144363
-4872.17986845734
-1458.4686808529932
-1302.6647822431396
-3798.0919205125365
-1838.8810835591396
-719.2258197452522
-1913.493634816242
-1026.195867673251
-2960.21302894935
-1903.5775276771535
-864.0695306299054
-1145.6413013869264
-258.20632767768075
-1230.3981887585726
-4970.834715071524
-71.10767018666942
-4848.126131485561
-2703.9094653736333
-6642.907363033362
-6355.05019486829
-7.801578465077787
-3750.9759209108192
-3160.5855659504978
-4436.373781633783
-8204.735877885161
-1582.068852839608
-2482.4612903966417
-1651.9734100379012
-4089.4377389714346
-4419.88284529897
0.0
-5492.278349130453
-3932.7877334914156
-3278.0076237716876
-2681.010145124056
-2911.039482774446
-2432.265779428837
-5198.4205306187305
-3511.507368703155
-2647.7071058533047
-7.11189889747042
-3540.3899712863995
-3372.8759922240206
-795.4134570204935
-2576.1266372441537
-5398.434178839532
0.0
-2115.927755340024
-2342.959033207028
-4176.613717397474
-2562.1013812086494
-4064.7081798112567
-6182.343714212918
-2495.273740435007
-2801.6270807657165
-504.15430315454876
-3689.098007836337
-1014.9398921638202
-5290.952244359441
-2568.481561303957
-5071.217521485413
-2905.0383734888264
-1344.6924465487916
-3222.0263061227533
-1527.7526146634066
-4974.099852922051
-7596.755601027769
-4074.180839074456
-680.2365107109515
-2806.1226987064906
-2979.977469140663
-1836.1620737382102
-2188.3188468931207
-2250.7747157400922
-2362.1676871083537
-3657.5365980864303
-4019.164430921487
-2567.659798482305
-5211.94219545737
-5083.4972738987535
-5027.82301064137
-4751.657844842882
-2461.2783588150446
-5134.624975540411
-4058.05004146069
-4522.294845214262
-3508.739200370407
-1504.256485819303
-837.2149847142117
-1086.4611070793685
-5397.44726240476
-1919.9354231466048
-1109.1895696542804
-3301.6067890312174
-2170.841897462514
-3516.4535461343808
-1708.781128690547
-3559.3194817432095
-1910.6884560179396
-3912.686561952566
-10689.318082606555
-3729.0320917340255
0.0
-2786.975998732437
-15012.159617839408
-5013.027599429485
-620.4028369545813
-50.14224994950399
-4775.02457653974
-4797.096288733377
-1895.3738880295734
-2737.5686192786084
-2698.1444519875845
-4760.87816548803
-2342.60309716111
-2361.8250110284407
-3660.6632037975437
-5050.9755183478
-2641.253268718434
-2998.9569707255177
-2073.302400658489
-1359.062940330374
-5415.653867991921
-2471.675452402858
-4264.817586657151
-2915.4428681741933
-827.1497896528408
-2526.039933769923
-2949.5517497989417
-2005.879792852837
-1251.4826426875125
-3544.679711958196
-944.3533614526175
-561.4732602074746
-3351.620732716629
-3237.1095715002007
-3781.328420236271
-5337.077869747034
-2905.4967807919343
-2520.5388741251163
-3151.1598968374515
-6189.116729898771
-3254.5135271521553
-4632.06267258212
-3584.5650480367435
-10160.571320727548
-8216.610235134473
-3542.36428669294
-2334.524462143492
-1005.7582282682947
-2328.5680685902676
-3076.1545873145446
-1888.4542971658434
-646.9212486413074
-3566.7698349562334
-2001.0204561685637
-4417.113180183597
-4618.356669323249
-4894.364571158862
-876.4067997125101
-1259.4798621071736
-8592.798575434743
-788.4754714517696
-1817.9438949811984
-3332.2828268764097
-5117.3404498596665
-2767.0908198132256
0.0
-1593.420692607719
-1028.434467920129
-2956.4311489179395
-4382.943241209843
-2678.759411631041
-5155.978786288618
-4419.995542285091
-5553.647007173278
-2350.892284112703
-4154.569209378177
-4509.097115885391
-2640.036760043509
-5518.58484087598
-1268.08275556386
-2392.367537050677
-4576.7799223815155
-3808.8278091282455
-5478.288944309346
-1196.4593449387435
-4109.139661453402
-989.526893511788
-3590.234487542555
-4817.749803574824
-3927.5120634627465
-4868.646092790981
-3613.4016535426745
-3862.0297930637803
-4113.336690183548
-2337.8639811165235
-4849.387685820537
-7712.221689118029
-4528.982377021188
-5361.824918716903
-4373.573243885369
-2588.0210174256786
-2289.4255717554834
-4299.611922874905
-3839.8193431638674
-4135.639562909446
-5011.467881158845
-2851.95504935537
-3684.9891263891977
-5836.303713509207
-4727.587598030164
-5040.304630046804
-1822.6889771915262
-3805.3213214152734
-2360.637652510953
-812.669115553339
-2629.3533552953622
-6948.93410467376
-1363.928578295485
-2958.8358384989992
-5578.984788187915
-1015.708659791104
0.0
-2504.22144052813
-1776.071225887143
-705.332691267285
-1649.6606842767233
-1987.8859529176782
-5901.671341995561
-3520.29729892805
-1611.803148856611
-4206.103284483431
-4655.802922576289
-2753.886317822135
-4978.205462756303
-7854.5985071102805
-1975.8092377158748
-4071.2342515775945
-3713.5932413712976
-4437.73425303055
-937.3619569130989
-2887.491567777624
-2372.525559144424
-3294.95410423509
-5445.043533585965
-2484.4330534020783
-1048.7292633944696
-1154.463360869728
-3818.8961576158754
-3838.7528787658403
-4977.26204356984
-2653.605806292633
-1345.0141313928998
-1395.717094493934
-1328.3246424390518
-1333.702114172956
-2034.6157304244873
-1649.9787195998103
-2609.8862099384746
-3263.6397009366137
-2843.679266727027
-1008.2992787406173
-6406.410587975441
0.0
-2363.9626806397464
-47.840437868567776
-1025.0054245699569
-2772.089289075908
-1711.7641010696284
-3533.794009075351
-2837.0078265327893
-2239.6138505975728
-6772.6182900466565
-1793.2735124641006
-7304.718492590867
0.0
-3338.9113817580505
-8.296305894952377
-57.23757758943843
-2136.9419567450213
-3862.6710835797303
-1886.6795057026757
-4835.167892874353
-2590.8683136196446
-3086.1471358353274
-3299.5144169825494
-2349.4465328565807
-3681.274425749761
-3483.49628437018
-4000.168715122752
-3349.3274186759286
-3387.817308368226
-901.1503978646242
-5091.057250209461
-4344.708772515595
-4828.50659041409
-10324.411137705483
-90.07221564004898
-5508.244410163835
-2445.9405765612732
-3039.3865797218095
-4570.199291393117
-3569.9699454427855
-3787.4861980601954
-3274.4296722577114
-5842.489183420957
-870.5396030536682
-4234.439066618877
-4512.885268270598
-3557.5062775635806
-1306.0628267130517
-1698.152348587347
-8357.108277066056
-7105.238438129062
-4288.176168794538
-3293.5068119505454
-2312.9552904502593
-3961.906826122999
-3961.1472383833516
-1609.7978030399315
-9102.459345809819
-1141.400538550984
-5843.534503949199
-2916.0922830256322
-4788.001577330827
-4899.284784754621
-2978.5308421754107
-3538.351629239652
-1484.923833544036
-3207.9997629779677
-4741.987458676966
-4326.784807187302
0.0
-1829.91371067325
-2896.126228172781
-1254.5558312399737
0.0
-1367.550402972506
-3574.037192632408
-5357.830327066837
-3931.7393123387496
-4456.368510364312
-343.42217867347466
-1036.7019095135138
-5014.953543332042
-1989.704934399744
-17937.30762950831
-4825.148428640261
-1103.7628445489186
-5158.737687463076
-1110.1428945601035
-1000.598668223611
-1077.4689262069714
0.0
-1213.0750603778763
-3667.899911406139
-3510.525791119083
-2775.2309077629984
-5673.140711637993
-658.7403818574361
-4314.110950434957
-504.4374391631886
-1269.0742361486377
-3543.8604760319763
-4515.406826552647
-4529.665994796234
-5849.284206814408
-2386.753498774261
-2718.7631901222103
-1419.3322813899372
-4526.443668128789
-57.948289181911726
-3401.8820098834026
-1716.7079672042
-5419.000988398149
-3264.4879909312876
-10982.979922618222
-5780.649786329631
-4071.5217549899235
-5845.446216206051
-5183.735285699428
-3004.6728906792114
-1076.285931567175
-1376.7741973105744
-5550.8805350046405
0.0
-4896.343587509582
-3817.3245662939776
-3448.694122517278
-3162.077293762707
-1473.9670881022005
-2670.931431026243
-2598.15265294058
-3775.6670219716266
-4123.031883241403
-4191.536003342021
-3438.6905432283565
-874.6926531755706
-5530.02280106527
-48.02453415325465
-8494.080045067798
-1966.3441210539615
-1827.4564516723078
-2328.1732040084953
-26.261315348274266
-5581.656928100116
-2151.89239652921
-2714.4989871238095
-4940.659228015891
-3246.2268711663974
-4607.469924256485
-2993.8705735511035
-7316.5816100445545
-1370.7583368666237
-2921.6117817481554
-1175.8354631440438
-2314.4331856018616
-2784.882503142219
-227.28930746908594
-2718.254378456243
-5241.4278877604565
-3008.3181417288715
-3951.7958765839653
-5573.666653773136
-4337.4214763603895
-3450.4193966044413
-5674.172606519544
0.0
-709.5851757926631
-3452.558992285401
-4483.916708499437
-44.60044240200284
-2362.2683557358214
-1261.8771033976593
-689.9858408083032
-3943.1202752004633
-5450.150879757187
-2207.8393698016134
-55.522959596592926
-4371.872061316943
-3063.476419845199
-1861.7121512576416
-3590.412953910107
-2635.8494177500424
-4317.042277622094
0.0
-4785.770435974443
-3838.4805296129357
0.0
-62.03164811878543
0.0
-7925.074391391724
-1850.7397787659713
-4196.211169333783
-4326.8995607929955
-4655.918915284481
-1259.9459734965064
-3565.1376329833392
-1731.3409219568027
-3295.8098305014582
-4334.819794158075
-3942.156575350261
-3952.1679944744133
-2536.4759321261963
-2297.5671625422115
-2480.896015357867
-5267.211912773507
-1658.253845327635
-3734.8201680189013
-3997.6598392466935
-2446.024489491448
-4097.364390244143
0.0
-4757.135959315807
-2118.236470184488
-3927.18423926174
-1268.1196296580915
-5053.024478092503
-2446.2072770312207
-1220.964158994936
-2665.628356511803
-5523.833386180552
-2908.2809125087606
-4260.688595383803
-5022.8987077417405
-4500.799368914629
-5489.630545473653
-2817.856147126804
-4590.923846044432
-1834.8680516899437
-2193.3637898634697
-4106.238149855852
-1468.0180989006524
-2133.6261450589727
-576.4917160730918
-27.34063459331221
-3738.940078262377
-4127.951887267404
-1090.3068796893192
-2896.191586539911
-3129.9796643799514
-1711.1907324311271
-5897.570384046445
-5643.178347734144
-807.3427416210322
-4043.708728906914
-3778.994133845752
-4629.395690126147
-2014.2720447998995
-3721.8231498846067
-2830.7597222479603
-1431.7221667812235
-1993.6072439966647
-2249.103244769235
-1071.7107958929291
-3376.8888767561225
-1778.3951998227196
-1091.5807239806447
-2381.5025850138204
-2362.7923877531307
-2503.6706175772088
-3790.2238098015787
-5301.4189185871855
-1814.5074782934928
-7179.7805409331895
-5744.410936654056
-1051.7445424810635
-2777.731585253447
-929.3536504863473
-754.2793147875318
-3529.6645134188147
-5280.52135943089
-948.8388621316924
-5699.6946682735825
-2818.264494018135
-338.7559643816766
-583.7413518938854
-3596.704747132259
-981.8662061667932
-906.2239734940871
-2972.851834106268
-31981.128298854303
-3168.0290886583302
-4431.485348988949
-2340.2898432332936
-1308.7639439939298
-4414.042879806324
0.0
-2607.2318007350336
-1925.6593644766508
-985.6822067534624
-2288.2251714381146
-8611.485336328513
-3481.4401304053404
-4649.600084655411
-2645.0111846600803
-2700.9635972855954
-1339.2873576351312
-3002.2679828655164
-2415.715042516974
-1368.5709988736774
-3139.571970696404
-3097.081577907521
-2709.3529433798535
-3773.2781562729792
-3199.482486060719
-6803.275068765581
-2684.172002639526
-874.1307299995839
0.0
-3312.6010614370693
-4589.467251747189
-6508.095465220513
-2105.65974270499
-7371.003479550853
-4191.148011730158
-1802.6152031641675
-1012.7080414733268
-49.34996016767076
-3167.946558472455
-2655.061909088883
-1504.4668660102761
-3586.775171682878
-3241.4757087506177
-291.5691694994609
-56.44077352654193
-1527.7944294192728
-1155.432498086475
0.0
-5196.352902121959
-4814.24570353806
-5542.689043945925
-5765.033901789699
-25.089054326237726
-1341.92092156244
-946.7651739315544
-3242.116709032467
0.0
-2735.3849751602515
-1959.2707383489503
-4753.606427355819
-7325.140136107784
-1576.7556419843693
-2516.0929741759537
-1160.5054377945505
-1678.5494009025163
-1657.3848074254965
-1214.2019568509218
-2665.3671952930886
-3864.63883302925
-1041.0717675401481
-5077.272107173696
-1842.0996572256454
-2364.111707099788
-1907.2296418053202
-5926.947634704511
-4489.179281468778
-1899.1609506965228
-4111.546251209934
-3370.553091314386
-3443.9459364090826
-9966.421903755998
-96.5957796257465
-2682.969984726713
-1309.5970055500998
-1887.3840586684398
-62.32450570362171
-3560.4829983367113
-829.567461823889
-4649.539990193982
-1995.2182614218593
-2822.2827892601495
-3854.92452667319
-2784.140900296988
-3906.846347958304
-1608.4926277360878
-3228.772672532247
-3294.1110740607905
-3507.3916814873
-55.60840317850332
0.0
-3907.618860022965
-3381.1446620340785
-2562.7916113148804
-3179.991100171231
-1646.2063523901022
-2545.922356634041
-4588.006731511825
-5010.148634692142
-9461.106131177612
-2121.45172932368
-3581.6737560826473
-3819.995414120479
-2779.6888178426734
-1424.7289523814807
-1485.0453847144915
-4945.624357885952
-1084.1658357625483
-771.9608784976595
-7014.646919916993
-3725.779969136083
-3836.5523954780897
-1306.1211482108224
-5674.363368408731
-2087.0072970365127
-1075.8768863082016
-842.8623206259898
-3395.091653942612
-1689.2346881085925
-6365.871461486671
-2634.702736522962
-3657.230840987515
-1987.9513125112169
-5106.530867134565
-1465.9519632149231
-4663.505903188395
-3718.2214074288954
-3209.582787082132
-4105.2179272507055
-4056.971347703966
-938.4062333542405
-1346.4037555279701
-2290.5465808761364
-1049.5501045527335
-6809.887739436108
-4837.5342485625115
-5008.1999072411845
-719.7244462752958
-2772.1103234327607
-3765.371471548949
-2450.8810452112357
-3247.0691389261992
-4675.82134337794
-4530.981162909099
-2789.726119540937
-4535.178554927229
0.0
-2139.1208320684987
-4444.89678425105
-4259.551080058788
-3536.6643665485517
-14381.93608418974
-2276.7555072686823
-11.707194690873038
0.0
-1954.556656381491
-1728.1679228967982
-1098.2245599574476
-3366.338294187897
-4962.973011448431
-2188.715394293128
-4141.214343802311
-1204.4704875293921
-1625.4219084540428
-8023.759481033332
-1347.7439811329866
-2639.125043077332
-4302.692590937085
-3691.486952627677
-4092.982613595014
-2272.021786924735
-1804.148855341355
-1515.1472468218803
-5231.463076722804
-2663.0743213129717
-2057.4653916139623
-1810.8425916056578
-827.7856920627248
-4240.406103585884
-5028.973377149413
-1600.5430852038842
-2710.6565376447393
-2285.9260970339524
-11292.014617669496
-4571.777417120706
-5348.748394867141
-1623.0260980410073
-4318.003355068587
-2892.633762060934
-4626.7040081054965
-4211.439748627578
-1290.1851731056677
-572.1513160270239
-4513.542149840929
-3166.904816304058
-1429.9888094890405
-5358.867202784214
-2361.757499888622
-1847.889132288828
-4088.4822478361366
0.0
-2103.3665727411108
-1084.5633781072602
-4808.898423588894
-4464.982745193323
-3967.4319214803904
-2634.9809274260906
-2354.240240133145
-4959.779491639193
-2246.0233110273493
-35.30013867029623
-3038.19578765511
-3241.432550982862
-2842.954540269927
-2542.1482381536093
-4266.840402218472
-5737.090552828567
-1077.8024628446847
-1910.538735928416
-3067.0691216605414
-882.5851707075946
-3389.6219245549305
-4690.118799817982
-4953.507250995293
-2368.7527083682967
-1975.2430312790598
-537.9011716182282
-3998.2076440909923
-1652.0066297770575
-1426.4806894213923
-1689.7657912949385
-4246.083904180717
-3001.4803127651962
-3499.6650954159254
-4283.803876402012
-1508.3865398130552
-2741.0157820309882
0.0
-1135.6990988106857
-2605.6281744218613
-3666.9990239712874
-5815.548093168054
-2712.8483273599363
-2980.864883988819
-4751.80810503783
-4821.001083687759
-2225.342564171295
-4206.36278045263
-2466.870544006539
-5383.965208054953
-3554.683269566236
-1711.0219450539068
-4161.6179827991555
-3821.8490792222833
-9439.150719761175
-1928.1725385827049
-4804.148887131199
-1687.9995459624402
-4634.956803968727
-535.833575640103
-6486.272251676556
-426.6480058918759
-2234.166543992553
-996.4467466900311
-1904.6017808844113
-4699.687456464767
-3479.30447613335
-3620.8204849059853
-1078.1108461573488
-524.2314891335483
-3317.256987244387
-4484.414063392785
-4679.3617720939765
-2777.456069385461
-3151.561239964331
-748.8379299923697
-1501.2153918012082
