-5321.063946534224
-4058.982846599247
-4189.864683088283
-54.2432018490743
-3959.6405157067234
-4426.788551474857
-1395.2950418103162
-3604.063435407729
-1972.334872711087
-12680.066003813567
-3617.8490193132543
-1916.5667661909536
-5158.3389750583765
-3835.384463406758
-258.38543158515597
-4627.841206489262
-3573.6661526713315
-2732.5477344360843
-3183.268008277651
-2554.310082484845
-2750.766125038006
-2379.954098565951
-3761.7844016410163
-4124.651565627931
-1906.979411234574
-2982.132855204363
-2753.1080799895167
0.0
-2396.020834837535
-3871.3400036665425
-467.40145319791617
-1663.5365585987006
-2484.713426152799
-1092.318816560677
-4461.196254449188
-2532.3639574895133
-4159.623988657685
-3613.352768747996
-2809.6159645400403
-69.12092674198178
-1306.7203410066954
-5163.780291511009
-67.26461916022001
-4136.108309666907
-5073.410677857806
-6771.746268781398
-1319.0691670615142
-2405.85047050738
-3401.0718244863106
-1616.303107827891
-1054.664591198989
-3433.01760991532
-1896.564603259205
-482.0737335254422
-2564.07763007151
-5330.593467552196
-4216.200283508238
-5086.7549095109025
-883.123286998298
-3300.5631040264425
-5479.097877325493
-4960.228803531908
-2210.9516153061204
-3162.5918592330027
-2219.8403432616046
-5756.788240728846
-1447.8047183879985
-3150.3611300090406
-2382.9824733822916
-1915.979448823622
-2215.189273779513
-3878.5926685495047
-2744.5425989504147
-1008.7294978857445
-4462.416427037752
-6190.985749052159
-5146.692507524147
-9487.746969964066
0.0
-61.400788098153626
-2147.3409228057526
-1618.1436980550086
-1098.5601393307406
-3696.2108304110075
-4328.303621353551
-5194.1564178239205
-4124.619153973969
0.0
-5524.420244544213
-1220.8685227060957
-4360.148933867454
-1574.5457637407014
-5366.635433105016
-3325.561784713979
-5122.583338913531
-3130.5428633022475
-7503.118815027191
-4780.9802762990585
-3868.7168328269086
-1862.4456090048661
-4199.124791488885
-2181.69594234509
-1500.4415647377011
-3848.83446610965
-600.4108069447515
-3820.677267638204
-8619.926576893577
-799.8619581624666
-2571.500141800436
-4808.969018600007
-8198.09508229819
-2993.6426296600093
-3131.104345172135
-3793.4645150619267
-6634.228885956705
-65.90409111193117
-3726.8585789427657
-3949.529777206927
-4872.870321409598
-1291.4528227050218
-2076.7383822475667
-2057.5270225970035
-7.160884054107202
-6428.754169026553
-706.3033982728978
-3059.3689692782145
-4175.5815749557805
-2501.601209844101
-2914.7889900562436
-1883.3808607336032
-5704.157903802022
0.0
-4594.564000644935
-3648.2467800292816
-2281.8470804884473
-4934.489319616532
-3035.401590635884
-1758.4498675604573
-3552.3109061781834
-3321.901773616688
-916.8091334819446
-4797.157034393392
-3561.742531900208
-2990.786658327569
-1645.4438250760936
-3398.3042399352985
-2810.699030062873
-3346.2033293746917
-1716.1584568693434
-2518.435806918405
-2433.518015513928
-2543.8809412543665
-2004.9480797075817
-3163.5841505175804
-2939.051981944705
-927.3427650372178
-4732.919312258307
-4870.20671480476
-916.6018800735824
-1282.0939996250174
-3219.066374894836
-5406.893395455883
-3159.745644932124
-3593.2181069050375
-1980.4718776538414
-1059.736704555206
-5836.165210386939
-421.25996154288424
-359.95664672946623
-2796.880919049812
-4490.879142870978
-1541.3073425991965
-3257.7684205796836
-2267.109627256006
-9027.364152272468
-1662.3195725499465
-5082.82663239724
-2650.994084937197
-4496.802947554091
-3603.6620453326163
-1239.367478404405
-2490.228361237413
-3081.211399514485
-656.0396807646655
-4204.66542572774
-3195.453627327891
-1970.88227400169
-1290.4545125674501
-5122.773677564863
-5068.770030267186
-1284.2572299737806
-8172.392214000149
-3478.4624611369863
0.0
-4479.33893508285
-2075.0710319147915
-1967.029981812863
-2075.9203589515364
-3184.5089429131417
-3115.626823389233
-9516.59203520977
-4203.6269022567985
-4917.876385084381
-1461.3179094826087
-2632.5622093967677
-1752.5318951552274
-1334.1342619293277
-1925.4973837758084
-5808.964184138147
0.0
-4756.400629176507
-2732.0452449199997
-1233.9434176976736
-2446.1422229896775
0.0
-963.6421070244139
-3637.9555530587727
-2695.875432766188
-449.23534348507053
-2771.4167639005836
-1945.1572733927412
-1528.1206352900513
-4300.109276868042
-2834.3755190113875
-2678.455770351279
-4218.924828932818
-4128.405847763669
-2517.4582032818435
-4017.241322771557
-845.5019465060636
-2503.679243001867
-3191.5748203785547
-796.100874110767
-1989.4944076911372
-3251.873125983486
-2342.6685134021022
0.0
0.0
-5547.192667898377
-4205.829057128126
-2708.076277363181
-2455.2511394370745
-2768.8883867454606
0.0
-1005.3842672678896
-3473.1373526245775
-2789.3915257130843
-3284.791313507039
-4448.6523649445235
-4534.456897634242
-4835.722031061461
-891.2371343448978
-4309.210687441782
-2495.8672826742754
-1160.7846564447211
-1622.0632420379234
-3914.878634996514
-1637.156373156922
-4038.717777424305
-7350.983410170023
-1464.6195867878332
-1632.4018037430178
-2766.7715143054406
-1202.2061978206516
-41.767948153383514
-302.3019966775115
-2593.321133247565
-2788.0354840210293
-2050.0645849097987
-5430.7547906770715
-671.4400890443626
-5143.683774800269
-5115.918179550708
-3736.3284739311007
-1693.8333152048833
-3015.1970326515093
-4704.461209484755
-892.1019665324619
-2062.762793033309
-53.52326316111517
-3438.0986577067274
-3257.816385183685
-3738.1769383684587
-4827.917886486434
-3720.6112381273338
-4796.925844722284
-4306.6986547136385
-2126.763412096212
-4851.257428266142
-1454.3226599341538
-1308.406917743226
-3723.587933216718
-1839.2801127617943
-728.6489142707035
-1887.7430031047431
-1022.2748394753605
-2906.9257233314484
-1914.3223829197443
-862.633689877005
-1148.2187499333868
-258.1873313136051
-1234.3272810039275
-4995.031996196158
-68.55148237545211
-4833.31022061934
-2717.685104591242
-6548.256539068189
-6366.019447052241
-7.891486002292944
-3726.593059524998
-3128.6286736262
-4510.256618094174
-8162.819864176322
-1588.757522305206
-2500.324311754239
-1661.9471447946682
-4028.3959455564254
-4462.095272285074
0.0
-5493.716630656471
-3922.6176365668653
-3282.024883576675
-2685.3363091167494
-2839.736439523718
-2455.352549678093
-5098.814914809838
-3495.249116180947
-2614.369374114168
-7.160884054107202
-3542.359323550168
-3404.4618013915756
-798.1880739058623
-2481.9739660306054
-5422.248271720629
0.0
-2076.51123965402
-2359.6011032363654
-4254.623253180412
-2470.909436537716
-4088.756351724734
-6218.786074788229
-2459.1619719449022
-2803.3762583222515
-475.04875093480376
-3692.1112797221417
-1010.0602026952153
-5268.646273110932
-2554.763457989349
-5051.514464848831
-2923.0470288332
-1376.7707280769926
-3238.000709789443
-1506.3357825856117
-4957.741467552425
-7696.943151164207
-4100.3387305067445
-675.1028559400598
-2798.0585719648707
-2929.646754526102
-1860.4451764573719
-2111.72814000469
-2228.0669959598877
-2340.3758816091345
-3559.0725523187602
-4041.2906327556625
-2479.2967252093936
-5211.252689392192
-5064.70858567533
-5023.171239276314
-4788.469545750729
-2489.3546062594287
-5256.275076727426
-4017.7643550058474
-4504.590319280824
-3490.2369642440276
-1516.6013917022287
-834.3071165437858
-1076.4645499393368
-5437.827925266408
-1900.2360066946628
-1111.3731367925704
-3180.0037227342286
-2211.6718192696567
-3525.919405425988
-1739.6902389691013
-3541.792655542962
-1910.315915388781
-3892.99304335226
-10567.061066445804
-3737.5953169452555
0.0
-2697.4772732187034
-15147.551403352934
-5102.932691221205
-614.1101002270071
-50.55355672071242
-4772.794744289502
-4763.317261151746
-1895.7787516131514
-2728.622426955415
-2582.6355757508422
-4815.702702590279
-2276.465105882247
-2342.399019036488
-3628.0139118360817
-5066.6435451322905
-2650.702841089543
-2983.6045852481325
-1978.5774858700906
-1346.6807030903844
-5418.725308520586
-2470.724179805631
-4275.976038039067
-2937.3538879598464
-822.063597870869
-2543.4976111820974
-2943.436385053872
-2009.3106556432188
-1237.3776446748163
-3493.7051924803504
-946.0039821478878
-570.5400515128193
-3271.173986007331
-3250.4273996499956
-3787.2543938998033
-5314.803731513018
-2912.5046597582395
-2588.686595524946
-3173.864891483597
-6199.118592903262
-3278.9524016642517
-4612.203052044903
-3551.560740270789
-10213.633287078348
-8184.90286095797
-3547.5366933668465
-2193.3158890244263
-1029.4690981510528
-2332.5896314722077
-3093.2995623172724
-1908.5872309034482
-663.3086612531071
-3568.767878720517
-1999.8564839146836
-4419.2930987814525
-4632.831941276295
-4908.844304472053
-904.6324274968006
-1275.6830730268152
-8643.152572180878
-804.1102937286184
-1814.1786557759194
-3341.5017826288954
-5015.094378570104
-2779.228744401628
0.0
-1590.5088943190963
-1023.3129109996304
-2854.837751859654
-4359.9698769156
-2634.584241170748
-5165.491987879242
-4428.020746743484
-5647.310731975124
-2374.570116414658
-4173.962385164237
-4518.839887625271
-2670.46840514884
-5512.5556965555015
-1292.2917371638334
-2382.981661534535
-4662.18589138884
-3838.2583116632964
-5570.832536123906
-1194.3172424386635
-4131.751838913838
-990.666741610986
-3598.3450568782437
-4888.608658792801
-3920.2246523368185
-4847.393545870985
-3495.4236096030227
-3857.964180582318
-4130.617647688787
-2310.7900137298598
-4927.947850578176
-7713.476707335173
-4608.873771183348
-5387.0590859096255
-4346.581998932951
-2496.3943433808317
-2285.4973802024347
-4265.139680056585
-3832.5288458809464
-4150.711165134641
-4965.83706368831
-2806.7198064596087
-3745.589543882078
-5844.0258414492255
-4680.731534109251
-5023.796560163563
-1812.697356363996
-3822.9843527468024
-2294.537255225293
-824.969918296528
-2760.161238736798
-6950.277560921339
-1345.9709590357588
-2967.6441550160375
-5598.806380983729
-1022.4392467431356
0.0
-2428.0235906452835
-1761.5648930239647
-697.2157457651318
-1667.561807225431
-1978.5351270583594
-5903.299124662105
-3562.3977831071543
-1622.6811525620797
-4207.249749366553
-4643.693253899024
-2732.543567964716
-4891.507988543427
-7800.568361224382
-1823.1412409646523
-4095.5188307786043
-3683.3874224790093
-4429.464828790803
-935.512717355518
-2874.9811934324507
-2429.3208007125177
-3346.95862008542
-5537.5411917507045
-2489.935427538891
-1053.130297896464
-1146.3129589802857
-3817.0092975271955
-3791.949868311262
-4955.138688321922
-2615.953878267126
-1418.6684313173178
-1438.6416002000906
-1301.9249292110608
-1315.1068944816152
-1940.1864466256557
-1615.0320591731183
-2636.366272670367
-3271.466544449953
-2810.2981581746003
-989.3780298510003
-6398.557658894694
0.0
-2367.519929307594
-45.90221707719688
-1032.6052158471584
-2787.210684398479
-1727.2916219393346
-3542.0498872862913
-2796.8508891962533
-2271.9119894837513
-6747.53901467624
-1776.9142678456278
-7310.463365668568
0.0
-3321.2616284901137
-8.195920668314159
-55.9207142707646
-2108.45521867466
-3839.044951587961
-1888.6809058081278
-4835.752850230364
-2523.423302621842
-3075.050846528805
-3297.144723294824
-2385.9336679779326
-3658.238381124161
-3491.41872243644
-4006.6962429798846
-3250.6370670325446
-3386.91917722683
-906.5027792320938
-5057.5593516546905
-4227.76621062225
-4902.84282475665
-10391.076241983916
-93.21544931966099
-5413.477008399676
-2439.8850017469317
-3015.7824105936647
-4606.331191361358
-3589.031519331759
-3829.3388788446073
-3264.562948210328
-5919.244590946669
-870.1551851201403
-4270.844327761818
-4479.488577583234
-3550.472790303092
-1310.091050098214
-1670.3864947202046
-8396.637524990581
-6883.3401093807515
-4144.132223131495
-3250.6527655069344
-2303.173071534081
-3991.071535990019
-3971.2009133794472
-1656.743155544922
-8950.370457096677
-1127.9970181602428
-5846.299899742194
-2924.4061498706037
-4774.188742228351
-4987.273227605877
-2897.511686873889
-3541.843503099193
-1491.8910737493109
-3197.3566849317976
-4712.721272715556
-4375.165031489994
0.0
-1868.8925147938116
-2925.9709402571434
-1245.37993316981
0.0
-1390.5695576000967
-3597.9345438047526
-5277.757304460936
-3921.0610787076903
-4509.104409575435
-348.66335702082097
-1048.0195527671985
-5010.066501236245
-2003.4615515895014
-18180.88108667008
-4832.747799679068
-1098.0753915938615
-5282.379736066402
-1100.3229985540033
-1003.0871207366396
-1108.12730341584
0.0
-1213.577802166039
-3665.023328858854
-3519.7056704351994
-2763.901859797485
-5702.035289577529
-668.8988347356237
-4240.473406003397
-506.9863921406103
-1195.9994297743542
-3574.0231397806338
-4510.991444180154
-4544.043108495663
-5857.333688559636
-2405.8408755433434
-2732.8062000704213
-1379.728007617988
-4454.855960462658
-57.75006522170415
-3391.787400918263
-1700.5792891505519
-5398.069187019337
-3274.133960016865
-11040.882777823008
-5772.49949483754
-4094.9522216174587
-5829.158632101549
-5062.039335532898
-2965.7143971224314
-1071.9323148404835
-1373.3115765854063
-5519.451877054065
0.0
-4897.281277741395
-3834.2367138451204
-3482.2972890931965
-3153.3124437408514
-1479.4383929538901
-2642.316667037768
-2544.9696969993793
-3787.868638470495
-4115.467982855484
-4222.371017815821
-3405.3315796498505
-815.9350988646999
-5516.1531657370415
-47.28693599608208
-8313.600308796736
-1951.0971410253064
-1820.8393225634813
-2379.6991914397504
-25.878136694635604
-5612.32186550965
-2148.2072558772857
-2704.516253432053
-5028.580143445493
-3243.9792580177746
-4663.736180516705
-2878.766105003497
-7326.878262681745
-1362.1408758666055
-2929.823826885128
-1237.2897307658552
-2280.026570517039
-2673.3580238865225
-229.6471852007967
-2586.668636410252
-5324.314783231205
-2937.726030249763
-4003.955375423899
-5654.095554245469
-4431.726316002072
-3529.365344693265
-5701.882718243482
0.0
-703.6141520880204
-3364.5911190119673
-4480.136711568432
-43.448662019299725
-2359.542328840174
-1268.5906565548576
-711.3332834649646
-3965.244726961328
-5436.052103704286
-2280.0546939778815
-55.16667483777773
-4475.239983463505
-3012.967381781761
-1906.6080103756515
-3604.0984034380535
-2624.220122780494
-4325.571682225587
0.0
-4815.56409908854
-3876.0719368811137
0.0
-65.17597673507348
0.0
-7707.637728232425
-1839.6757576340647
-4208.545860147838
-4227.872696143976
-4735.2009300524705
-1249.9344447919393
-3538.7851397584927
-1745.7753305039046
-3315.8652039559847
-4343.4014337357585
-3928.2781005425254
-3997.5786475665086
-2524.6102383925136
-2258.78774633567
-2501.0178197712917
-5194.95308181697
-1671.720453503023
-3653.757711007305
-4012.0595469103555
-2432.956572493813
-4115.812105117236
0.0
-4820.63997215755
-2098.356584971645
-3869.213231038948
-1321.2054193381523
-5042.3901780825245
-2460.3786730765737
-1225.653137819279
-2669.1536144521106
-5523.249322311194
-2913.254652710247
-4285.42965807917
-5022.044885062175
-4589.898991700805
-5518.367228453921
-2753.2239932166012
-4605.016886192891
-1842.118843021313
-2149.8831998060928
-4085.2536302602
-1463.0280628130379
-2043.2720682206425
-597.3888905764956
-28.328309333124153
-3715.0826158915806
-4172.8181024227215
-1095.9426602486665
-2829.986633829623
-3154.154381124241
-1738.9824104177112
-5870.689077299202
-5728.186315341202
-808.316097142156
-4045.9528033945217
-3829.459365420425
-4605.078524039427
-1990.6299069373438
-3788.036237999302
-2801.7392487475213
-1486.0184573788615
-1940.2485592824585
-2254.6504335756417
-1046.5127180425907
-3372.021189673251
-1775.2292438530824
-1107.7519894342533
-2384.8675980704993
-2362.3462266301685
-2503.6098522473944
-3791.408057339007
-5378.255752766256
-1830.2607907125791
-7005.570472347751
-5833.086453674475
-1062.1329210675074
-2730.001561947091
-938.9547154302437
-773.260079272308
-3527.4510120244254
-5311.171049548845
-956.9060305834149
-5681.900219418558
-2802.32251955629
-356.43600051079585
-576.9231740817555
-3624.882589964179
-992.6964166475029
-927.7942485828011
-2892.497575924787
-32114.098770080196
-3150.575321594808
-4398.7332785576
-2450.3593723014565
-1284.235183406294
-4409.181509082757
0.0
-2615.500108539001
-1910.4534651568338
-943.9427829794824
-2299.7185749034293
-8759.090692057542
-3471.2229962378724
-4627.179033123002
-2559.647001487795
-2669.647051911207
-1332.897493990827
-3005.8844869392497
-2332.7305308000728
-1356.1830835388855
-3128.8492512435137
-3074.778451488261
-2666.8982540240486
-3766.3272250225546
-3168.0377231148123
-6701.988087055018
-2553.238265783717
-840.9988042125516
0.0
-3275.4917347854375
-4628.909749825731
-6520.761331941808
-2120.154567770063
-7400.977016884722
-4212.952073634028
-1797.0226250112028
-1003.8209566682717
-49.34412565419896
-3182.9087906883738
-2694.1554972238305
-1538.1786093856656
-3647.049724767097
-3189.757895492863
-312.3513395205413
-58.43520317879564
-1533.3389211459346
-1168.816592489889
0.0
-5298.099636899746
-4830.512069527594
-5529.380165636132
-5769.995071702178
-24.39355743684878
-1340.086492003987
-946.4572222516351
-3235.6441400549015
0.0
-2722.291314884042
-1976.4077098922287
-4711.13580910919
-7374.589479073398
-1560.4537349779775
-2442.156767893194
-1198.1728600182769
-1652.6081390020693
-1640.4574285537688
-1205.5152292560867
-2645.061604461404
-3901.43801755544
-1062.3409646346186
-5118.233452272723
-1820.9364769669041
-2274.582343933076
-1886.3479873265883
-5849.438103355257
-4442.584219013419
-1912.403370459226
-4046.3822818893154
-3335.6906320280614
-3399.630222906465
-9995.989719976333
-100.74099380275732
-2688.3351293110013
-1339.0688601145582
-1899.0050765543776
-60.13875334325234
-3565.7769282062864
-831.2725902394137
-4738.493969007983
-2005.34332166627
-2740.6719770451055
-3715.568928340457
-2776.2329717875773
-3959.3376947036045
-1601.9890832862006
-3241.875405928913
-3290.5473786824414
-3472.4401103630457
-57.5681391288161
0.0
-3910.2936865750385
-3388.9777834346073
-2558.7239464948952
-3150.6038049193908
-1655.8531848123298
-2542.757144001722
-4682.18462662431
-5111.816737852221
-9463.099638178024
-2100.7595006486813
-3657.8044531649075
-3808.339389635138
-2764.752452767406
-1428.6777599673776
-1486.9171849617292
-4954.444545581342
-1148.8258680560616
-777.7796741787195
-7012.72999829121
-3747.107101730059
-3800.338288881886
-1312.2533802586054
-5690.770738161701
-2093.2794077328235
-1100.4032257677848
-849.1455934942583
-3419.5948506123304
-1683.7717419909814
-6371.995719732916
-2564.1424981990085
-3677.5755346256706
-1986.1744345427953
-5197.497183120556
-1461.163201780188
-4745.301288435145
-3696.212213255448
-3213.4815079794294
-4146.4179869304
-4059.734366428742
-930.031607686555
-1345.8020441817998
-2157.07464469275
-1034.3620426829382
-6637.27486158794
-4831.465166965672
-5038.089940708904
-722.7181083887564
-2776.147407032999
-3723.387841796171
-2429.1719605307076
-3207.8991381190076
-4617.02893847277
-4511.038649185119
-2787.172325218945
-4618.45196931275
0.0
-2127.2463372878756
-4446.173257353954
-4345.372316028034
-3514.383272099336
-14528.691095872338
-2273.397505167737
-11.646213837446254
0.0
-1844.474081139939
-1731.1933670702983
-1094.4085394326391
-3328.279062752594
-5047.163987918956
-2194.378289517175
-4139.012402259487
-1203.993778776113
-1619.9057610695418
-7839.380751134797
-1330.1613112023838
-2506.3838974764362
-4336.576823708827
-3691.9667527743527
-4045.6803411422547
-2271.2628334372694
-1814.0201302563976
-1518.103096443023
-5276.533833743116
-2639.2263567144737
-2055.1395580080466
-1854.7536863698963
-868.3604057562155
-4294.80051412884
-5012.306338565053
-1618.6466756601853
-2729.8167813823493
-2278.2646995618557
-11242.983507432884
-4643.730287362282
-5294.484904560227
-1632.7778990205936
-4324.059248858602
-2875.6062108990286
-4643.895294420286
-4202.490552076732
-1312.8309093956489
-572.2024605919626
-4502.311181175056
-3138.493724725769
-1487.7164286777775
-5365.230468492423
-2390.7353151288967
-1869.5412074360045
-4059.5571452380873
0.0
-2090.0432363835166
-1105.5251347266117
-4805.962570669991
-4393.0992687246335
-3926.419674921555
-2537.7378442218874
-2328.3766799701134
-5053.50264787989
-2313.8626501649487
-39.269603298434966
-2896.483102339106
-3224.4363068621446
-2786.9398189787094
-2441.3274337264547
-4199.733254291715
-5741.486879964773
-1102.5510476057584
-1939.445486042962
-3088.1010951811
-878.6808230809743
-3375.632663564014
-4680.34205905489
-4996.39776317609
-2272.5413540459854
-1959.4852169815474
-557.034878843923
-3998.6491848175965
-1664.546798839695
-1424.565118187889
-1682.4302112053049
-4218.959914821026
-2966.1831343949425
-3426.2632078061815
-4308.941741212336
-1503.9515108934165
-2731.5337903591153
0.0
-1170.1837510251514
-2572.507243417548
-3645.2225460764007
-5803.9278024562245
-2805.0200602639816
-2963.8680277486446
-4677.024904317559
-4805.949099010744
-2207.304182261911
-4194.466824148538
-2456.8210980938034
-5400.914474444663
-3570.9453512915916
-1716.6129724530072
-4206.048421123031
-3863.183258121278
-9416.961363067852
-1988.521215162767
-4882.188464433649
-1691.528655335546
-4615.371495591181
-534.8705711292342
-6488.326749885721
-459.32132426812103
-2249.977015287137
-992.5059847092037
-1925.0103290430168
-4642.889552587583
-3480.998841550391
-3597.349035390329
-1077.082584229843
-531.6448503171491
-3292.1065540106956
-4436.679311005837
-4690.639054684911
-2765.904631833112
-3163.3995673394447
-772.1551535311049
-1526.901442740332
