-5473.068831469859
-4242.313071937543
-4253.300215730538
-54.67658622468235
-3948.8934751696056
-4829.8165784555285
-1441.1021511385918
-3760.6923716319443
-1964.0184114326928
-12967.497965369752
-3625.080332786215
-2073.5414337607044
-5327.1099683636985
-3957.0371245283814
-279.60531744796265
-4689.11846938674
-4038.3724105706856
-2770.0436704656777
-3223.740666616074
-2668.9955513733385
-2860.7997478604475
-2509.272241085805
-3946.651127291262
-4310.390013613844
-2001.4374073520592
-3115.1988703197976
-2829.5625890986726
0.0
-2447.023985450969
-4247.7924753221305
-481.1760326630837
-1890.7903046406695
-2574.4190351341754
-1126.948686547365
-4612.756815064384
-2598.9608210253737
-4246.871832872738
-3974.813546221943
-2956.0888766683142
-66.33232918735268
-1567.058534454286
-5283.625301154986
-66.97711876528786
-4166.549112416493
-5431.4379252920635
-7041.580464897006
-1406.0151682624821
-2409.265469801221
-3552.6302915776073
-1622.6049954487
-1119.5220679976426
-3886.3308302118126
-2087.9387174002613
-516.0965290850273
-2813.988829367384
-5759.510006597001
-4229.069824160273
-5266.907516093697
-920.4027507334579
-3570.9393949205373
-5630.025908277592
-4998.359742943853
-2495.0305086376443
-3194.3221278104284
-2254.378570288573
-5925.684497788858
-1503.4140680806056
-3231.16270145552
-2516.8146714153463
-1981.8243608009886
-2352.4140664427987
-4211.534517429768
-3179.7188891021365
-1109.0610002202554
-4648.735574036087
-6228.843299240992
-5521.076784559331
-9577.836598459542
0.0
-61.88064070924751
-2395.9205121557357
-1702.3654695576815
-1122.5373013417454
-3780.357268389136
-4769.207752812388
-5220.685096360536
-4119.693724796934
0.0
-5602.848830085748
-1251.6655867187726
-4390.689113018583
-1644.7236437571307
-5457.353979038598
-3340.265311474514
-5283.062272458768
-3585.0467808244844
-8027.168327582445
-5123.247169376565
-3889.456290691961
-1987.0622581132511
-4213.72877528038
-2505.807102231855
-1558.7192476803293
-3893.0813020237256
-614.2210287756898
-4239.628242678839
-8650.252066192832
-829.2617053188374
-2707.707673359696
-4827.573470920421
-8362.543967954076
-2988.3941629537385
-3485.5847302709967
-4139.010370360009
-6823.771381883551
-68.08447358924191
-3811.252267948535
-4398.883164053085
-5017.028841771223
-1346.8557513324274
-2161.1661815398516
-2083.1425374301944
-7.177920220716475
-6564.681554597761
-757.0167520831739
-3079.0748221242893
-4590.391142918273
-2655.8792315956043
-3017.289956436047
-1988.9918850899967
-5730.158923757985
0.0
-4732.361227219298
-4094.5388531220456
-2492.1731462711987
-5196.447627871548
-3232.6783646606527
-1813.6642284841573
-3904.8782502435547
-3398.5265960189404
-937.5031841684951
-4887.476549021507
-3738.383158365272
-3220.0923972993583
-1717.625560617022
-3518.6637832416172
-2951.715730237535
-3753.6966117222278
-1810.2219036858364
-2838.867659774475
-2566.0584126410877
-2563.9724517062828
-2101.7117694878975
-3368.848340182855
-3103.278540659847
-976.5487920557998
-4834.661557272339
-4999.938368152281
-967.0756258009125
-1353.4809269665009
-3295.9434248727025
-5531.838889246273
-3219.339529887363
-3649.1429090906486
-1978.2390712410854
-1098.9528948411655
-5975.713738040371
-482.92513087627526
-371.6667407861225
-2872.490334782288
-4631.632782957093
-1555.3437000693089
-3631.130340404687
-2347.341560067667
-9134.015347144197
-1821.3735735525222
-5509.323661839299
-2684.077193903005
-4590.8574269827495
-3908.24602712352
-1307.2072549991885
-2689.3710482088504
-3260.7476715182306
-668.4271484287309
-4366.5638230854765
-3214.3548258551205
-2250.0171933900424
-1336.2694887434213
-5219.768301763711
-5127.074985842955
-1418.8979137984447
-8248.149505359232
-3685.5839584255177
0.0
-4579.5186698311
-2157.5480049337175
-2179.3159812065323
-2126.9775936125766
-3205.857633387538
-3131.2121253017576
-9950.854488809666
-4301.3215948317575
-4964.7429847862095
-1506.9802681890633
-2781.932948683218
-1782.1249244550656
-1461.8155942629833
-2020.5392657881505
-5935.335468509926
0.0
-4928.241250386879
-3141.016148808897
-1288.430214977033
-2494.322517324835
0.0
-1005.835896503982
-3696.4035151602325
-2814.3903403651834
-457.10093270927825
-2896.126032910166
-2039.9856524195463
-1626.7923493576723
-4882.450686586465
-2919.925405863661
-2957.736405704068
-4295.923743166273
-4138.902153179165
-2700.2413013869614
-4440.742143928756
-872.4536205594109
-2810.04447200009
-3226.0329099331593
-835.3752314628872
-1987.938383368697
-3387.544310971586
-2477.8698953104827
0.0
0.0
-5835.39667597607
-4296.614076959082
-2752.023892062633
-2597.3851880773063
-3105.0033760165848
0.0
-1068.1766341740886
-3487.0498129766115
-3003.675529821526
-3604.887124715194
-4571.06921168103
-4604.764476740003
-5223.302755057789
-919.3365570473358
-4454.769815606242
-2551.3060230766773
-1203.232954871045
-1646.2711960788013
-4307.476974491598
-1754.1661764078426
-4161.922934242089
-7446.813498956918
-1538.3404000382905
-1628.3711887018349
-2883.712078360164
-1252.2647390127156
-43.7826641073306
-320.05516842925243
-2923.2713799579756
-2845.2082654351593
-2114.667090426252
-5570.37457598076
-694.9294218683493
-5245.384199793393
-5262.105412466834
-3774.8721482345404
-1806.5024338364326
-3072.7582662830887
-4855.332719025026
-907.6924899502253
-2380.489606064892
-53.12540598328124
-3603.2386254451458
-3345.590838981519
-3855.2168522574907
-5036.734819593952
-3805.7085131027784
-5034.786428595789
-4427.582810473656
-2462.545172876318
-4922.140339118717
-1503.2202004959063
-1385.6811181042417
-3793.837210661985
-1862.3368711383432
-724.649481770712
-1989.7951843577364
-1039.6121704476116
-2984.754833180582
-2042.2005832295285
-893.9542698702322
-1161.9246838058525
-278.8066780903077
-1263.195856879794
-5158.338380774761
-68.37097636115364
-5442.785897605001
-2747.4942201726594
-6808.694963200658
-6538.735801102965
-8.119731887738034
-3806.417760135495
-3167.7667398052326
-4675.847145641699
-8312.961637368306
-1636.9227188318243
-2584.2265730724807
-1760.8757203441442
-4119.903525209897
-4817.413495014057
0.0
-5691.452430837519
-4365.676745248043
-3383.3800993869327
-2779.5678816223963
-2934.771655300512
-2512.9052469317294
-5217.119361348951
-3936.148789274695
-2627.7885748579697
-7.177920220716475
-3585.9188564682836
-3434.435867686675
-855.0337630427024
-2707.78380676995
-5373.3818242495945
0.0
-2241.8507957181673
-2436.3719559982123
-4431.469277480624
-2728.937853256044
-4171.423614454446
-6247.666674100578
-2538.332907499034
-3171.0192895752384
-572.6891092911251
-4100.95820088243
-1051.0668616898824
-5532.245947071693
-2755.202027144365
-5418.858274851452
-2947.4686619026725
-1432.5650000923488
-3327.1327871621143
-1565.7627652457068
-5184.679645833205
-7889.849158888907
-4148.592938541014
-715.1293626121477
-3197.090146553883
-2986.725349462815
-1863.4297097761469
-2205.8645467881834
-2366.354400177324
-2467.3795086442833
-3812.5044693749805
-4076.273288769639
-2573.978354547878
-5356.295288470004
-5239.775953385554
-5207.694715531609
-4889.192635456262
-2599.543644166728
-5394.927515459829
-4080.97027152229
-4808.757760603707
-3534.398528903524
-1755.2579523106624
-895.0446393272534
-1116.9678413248903
-5470.874382185335
-1940.1884151162183
-1231.1600820423655
-3478.6274235167903
-2255.0027336835196
-3978.725482677565
-1767.0799903012767
-3597.7054621008742
-1946.1406732312503
-4076.7770930608417
-10822.656562531844
-3761.263340327835
0.0
-2835.0577491982
-15301.890583997347
-5256.939409311026
-617.1884224366
-50.66947584725689
-5052.642833119581
-5120.5710250663315
-1934.7611178878033
-2850.8282034088425
-2868.9554366943707
-5159.797138935257
-2439.3805589195704
-2463.1564411999
-3708.596594973969
-5595.510744447766
-2702.3210006723143
-3023.2086045926867
-2118.949815786545
-1393.5027263953903
-5843.030939719433
-2600.9713766410273
-4335.12759105852
-3044.838967617711
-850.2994908082509
-2631.931001051909
-3044.09101379214
-2154.805189163201
-1282.7110923275018
-3574.240810673449
-1032.592011948236
-600.5238291138729
-3385.141705504402
-3408.2449309648664
-4254.473195517852
-5644.147741029579
-2946.3433780826936
-2707.4649687544957
-3240.9999830674346
-6143.635008519936
-3250.980034935369
-4695.244296285301
-3680.5375255924796
-10444.467545673955
-8361.1454453138
-3570.164740060246
-2554.3737713196438
-1036.691211950194
-2388.3995734672594
-3519.953592474055
-1917.2120617701678
-680.6493566817184
-4015.796889432772
-2027.863961617803
-4472.691610647054
-4662.589845045646
-5018.802512241105
-947.1498566583892
-1326.3396378763637
-8560.274104574699
-847.0458495984906
-1819.9258768180707
-3741.9766710727176
-5093.720819728327
-2802.396576470485
0.0
-1663.1992245143647
-1053.4607359981198
-3110.599393572958
-4783.213123291776
-2796.19568117226
-5685.885502649188
-4561.611670428086
-5768.89437646461
-2423.4175783896994
-4276.892991956735
-4623.280103184237
-2751.8737911436974
-5632.9379653508
-1278.0383991198596
-2452.154681912103
-4789.542223911615
-3828.3700730092824
-5707.886725059648
-1221.942754393177
-4140.653261677385
-1025.365905625416
-3688.975325033489
-5047.409397381674
-4334.590002657938
-5228.078985617687
-3706.4925987727624
-4268.418022047004
-4554.784154236619
-2431.6710191865145
-5115.938011477631
-7762.829334676933
-4801.568576527224
-5804.94200397621
-4407.073525012416
-2687.7523313950387
-2414.1947633805908
-4365.2975815304935
-3938.7830896804735
-4221.551254615906
-5062.427428105785
-2895.597041801643
-3894.6700819118096
-6148.9658186700035
-4792.092793376324
-5440.183490214457
-1837.0276277317944
-3905.3325580331875
-2566.785783762455
-867.9435082745867
-2851.761350474363
-7413.581061111829
-1436.0001078953503
-3092.663140355288
-5735.576172105276
-1060.2963446592703
0.0
-2661.0492431906696
-2119.1629705034743
-713.535948640853
-1744.6998957469007
-2313.369957018502
-6265.153569393212
-3598.2497420108766
-1615.3128250081315
-4222.7282816440065
-5067.6542721763235
-2857.16190260764
-4989.647079673409
-7935.818522375289
-2192.3528213775758
-4095.891448146321
-4079.247910062471
-4703.26132545628
-1176.7076325268886
-3018.937266858652
-2641.829445168076
-3368.477800142665
-5704.220260432555
-2556.1399214255416
-1052.125361908611
-1308.8654633725066
-4150.375548616921
-3882.998231381359
-5110.740358110636
-2667.457366013217
-1414.4976554608431
-1452.494218516932
-1371.5104671006868
-1587.1668469905808
-2203.693481925526
-1656.0893910757268
-2723.7402416365185
-3676.7359709529837
-2920.2657413571624
-1088.7812192435167
-6393.827975176847
0.0
-2466.5698534492594
-49.79856275860501
-1068.4708275293967
-3127.3580450610266
-1765.9141954465717
-3942.5742808162227
-2844.8417060356765
-2438.867110468895
-6755.265934938064
-1892.5011722167567
-7380.750106494408
0.0
-3368.309427074747
-7.940406918155111
-56.03790995203954
-2284.327001423152
-3879.403498882356
-2139.500664266576
-4897.960901118395
-2616.643782922243
-3210.706183753497
-3600.4837787067677
-2527.348695593438
-3727.1401057900866
-3528.4324876742908
-4150.30991988017
-3477.79665038132
-3445.355731097968
-934.9086063853612
-5368.031596019252
-4468.60708701222
-5084.097274880002
-10534.334561662637
-102.5462687926082
-5589.937103094667
-2538.707732793039
-3066.8830428126107
-4978.9321523335675
-3635.1037362544907
-3862.876145865003
-3525.230933236744
-6069.04356668929
-1138.757156910757
-4378.634080672465
-5053.546420468022
-3579.9963198144887
-1569.8200538917745
-1756.0704151729021
-8479.651578676334
-7141.7919176121595
-4331.167701467231
-3423.082467095009
-2366.634021297614
-4023.079758802976
-4072.285726434523
-1725.0216000326914
-9118.30206612689
-1206.4292263162492
-6300.262412785069
-2941.3618883009262
-5362.531529815659
-5153.07478915453
-2962.781772133847
-3948.0490378271065
-1481.2235777770966
-3673.224324658434
-5181.765576599763
-4669.163007915268
0.0
-1917.0744517524606
-3000.534942922644
-1250.7622484672427
0.0
-1434.1327648909992
-3684.966394905533
-5444.543446202599
-4001.2395749868565
-4550.503042067145
-349.29783844770617
-1102.5906253821192
-5491.231021238564
-2187.1995149999666
-18377.45044925542
-4935.417768611916
-1182.2833274116788
-5363.517535736665
-1123.617242785464
-1020.3247572693277
-1135.7448231375731
0.0
-1328.4575070361686
-3851.8583432456244
-3882.7569199013687
-2838.5234122456077
-5716.935722410538
-699.7078667892379
-4376.389454718869
-517.4411733407085
-1313.291115692187
-3673.32561798179
-4898.393280252528
-4927.490209784057
-5830.9959705178935
-2515.644185555748
-2813.9270657821085
-1433.1040033735553
-4564.95249516689
-57.98905530150112
-3447.1668777385444
-1804.390422035421
-5395.595481190872
-3395.608636965386
-11274.466025672564
-5817.677262698892
-4195.823943362966
-5972.680548580109
-5274.625732893958
-3044.239777364439
-1158.5132418573303
-1414.371083228932
-5856.471555168187
0.0
-5351.888316170272
-4218.189243789379
-3570.653512728224
-3568.8557846440813
-1506.2553046070138
-2678.394345729734
-2699.820508132931
-3854.6364596874964
-4296.122247614257
-4286.148948229584
-3570.471174344513
-915.9722976898215
-5962.309874150025
-48.23880210376241
-8484.91045645704
-2040.131599105855
-1890.4405562810755
-2422.239749132213
-25.298901899577277
-5815.279428895727
-2251.333483975893
-2778.3083961394955
-5189.948211587961
-3292.1607102719445
-4706.662563407133
-3222.765338887314
-7347.651764275343
-1512.4738528212126
-3066.3036266852214
-1306.5773905247117
-2337.2897566263423
-2936.9954657380636
-248.0364937324195
-2860.5668033394454
-5474.174631495738
-3021.0736687242097
-4109.454518369383
-5728.764672988755
-4563.264401574131
-3597.1760162830014
-5949.95508862495
0.0
-756.7940973107047
-3516.316163996867
-4864.127145039026
-45.786787443853726
-2751.049424716461
-1349.666176556318
-743.9759944489258
-3996.2616048835866
-5476.68093443353
-2434.5355704647855
-55.55421680203233
-4581.400422682456
-3080.7897702704763
-2100.4413313943746
-3956.5905564005348
-2724.918466240466
-4891.49203412151
0.0
-4870.434612924783
-3973.3489798138808
0.0
-62.26777201660106
0.0
-8069.216750303136
-1869.6426441092863
-4596.645070848531
-4484.488065857765
-4895.029902276746
-1336.2981794849863
-3631.87530818654
-1811.8642576063198
-3355.083569409266
-4761.347448687766
-4107.2479854059575
-4155.4416822045205
-2560.6735071290677
-2324.993851798736
-2570.4355444688217
-5362.9222351415565
-1797.8571713651004
-3894.2405980818244
-4118.477956416334
-2461.473936671195
-4174.433895486009
0.0
-4994.139784512516
-2160.5252066106727
-3916.0893595517086
-1317.628334051507
-5089.716177752687
-2482.434900367795
-1298.3195659421806
-2784.3597350843124
-5707.679101071619
-2933.092894143785
-4358.458778532039
-5124.901596694417
-4744.971838780359
-5629.483025676803
-2917.7916167484223
-4938.317517497851
-1839.9066403250258
-2194.3999741281395
-4135.930434706536
-1503.4471709037018
-2350.9419486350953
-622.6889194122641
-29.43740455331535
-3788.818737894739
-4219.253110232918
-1154.829296764251
-3124.627887193182
-3224.367729440261
-1794.4893512182834
-5911.969029252601
-5876.647000491835
-1063.2097407004476
-4412.007079589331
-3999.1300199850366
-4722.178462113993
-2025.6764249206014
-3866.6144720466737
-2831.8193308718173
-1512.1084016281327
-2141.390454026363
-2478.9619995407124
-1127.3449890091308
-3430.052509309216
-1864.8887925008476
-1146.1611982823742
-2488.4575248900055
-2405.885942260779
-2548.7465397355895
-3858.055725037298
-5565.722380217819
-1937.350257246691
-7145.419589005101
-6003.301322965202
-1134.476436857999
-2892.7657495243857
-983.7179439099576
-820.7659917817751
-3594.741481145092
-5538.337628596784
-986.7436438058344
-6002.9719911007005
-2870.4573562237465
-373.54498280474365
-603.0303825001217
-3694.3044594297553
-1051.319073732977
-973.9915259543573
-3161.9359679406625
-33087.44854249383
-3303.118540608633
-4481.759339855197
-2481.7114813394437
-1342.795329723428
-4593.847862967766
0.0
-2713.8003875788927
-2184.409656318343
-1001.1336953069938
-2623.698760656321
-8817.690179501862
-3909.0208875924
-5008.756794364521
-2821.6101017791834
-2981.660051957285
-1411.6606170984512
-3064.2683724919475
-2556.2656753607976
-1366.7842520283675
-3581.483067244223
-3095.689235359357
-2733.517376985312
-3794.7572113768865
-3213.4756680930313
-6857.856216357232
-2889.6459556317077
-909.6437974719162
0.0
-3458.753405733311
-4728.052068130061
-6591.883659420413
-2174.0915765259915
-7757.452366888173
-4598.449054044626
-1800.2394722895472
-1106.2736023669522
-50.638432799868895
-3315.7983558395867
-2732.6364031921325
-1542.8359867465972
-3739.0459074190308
-3369.6739145586903
-329.7904711008288
-58.99700487815431
-1548.3506339863998
-1168.4380168824375
0.0
-5465.496935762287
-4886.47719275828
-5844.485682075369
-6174.584496233377
-26.059850515735356
-1367.1071425813668
-963.8733342254117
-3260.6069576763625
0.0
-2835.0190887556355
-1997.025443961436
-4899.928929702545
-7438.82117880206
-1628.8249785678306
-2655.984919906281
-1250.8588069663083
-1779.6151436552814
-1729.5980470440297
-1227.3036229883116
-2698.3561751495536
-4001.3655516354597
-1095.9586078002744
-5262.690655896318
-1829.7084053330916
-2521.807499361743
-1979.8845169163685
-5957.223055597474
-5103.173943809004
-2013.7486281758604
-4292.68417147636
-3449.209533746664
-3492.678805345285
-10121.668292115122
-103.63350284830942
-2807.154833445965
-1363.1807629381713
-2269.1766677150667
-61.83891684426015
-3629.8855156653967
-856.7889870324807
-4898.1609149951855
-2315.4463855664467
-2971.127066047996
-4056.485416318121
-2856.0738653234703
-4437.013788117097
-1640.8889064310317
-3341.1967854520058
-3662.8410759384465
-3506.8058248470475
-56.030066975389815
0.0
-3938.8519139031937
-3804.866465938159
-2847.2705003472925
-3180.4162784932905
-1811.3222461203945
-2642.8632209260472
-4838.8428550386325
-5269.175581458408
-9673.60455217139
-2254.4427733335415
-3740.4381411966983
-4185.395091739227
-3182.4642285222385
-1496.1886926940754
-1496.1477319987484
-5308.435123054203
-1137.1534696890633
-793.8997071949062
-7072.902430173191
-3822.619454312671
-4017.8314203390078
-1384.7564605781665
-5958.6506375333975
-2130.0014076171615
-1157.3849549337767
-866.6708152077313
-3505.713418904612
-2060.3892069004332
-6517.603256933047
-2802.6076028068746
-4073.0787807643483
-2340.9148761533515
-5379.570687278857
-1548.9899201628355
-4761.426927970191
-3842.92370982354
-3321.516725302243
-4167.649867930487
-4120.607859353497
-1019.4316547423504
-1496.5014217028938
-2444.127339510523
-1054.1711892381418
-6883.297274889474
-5179.305878168691
-5127.159832516349
-724.9903471216394
-2776.4164192492726
-3827.682301657463
-2499.079320948263
-3250.314990597592
-4681.043519789743
-4982.507757891988
-3121.6167449950503
-4805.683877753929
0.0
-2183.6394199298643
-4525.418505392769
-4517.211460090614
-3598.423009183306
-14599.992771053161
-2413.459153316218
-11.551214294140426
0.0
-2107.3491701960443
-1773.46023153931
-1118.8877731291748
-3409.549111445608
-5183.006734572551
-2242.111835042128
-4573.047362730368
-1253.0147709326159
-1667.7244149468856
-8195.460060951154
-1368.0129642726215
-2808.5919430314134
-4462.997865580715
-4062.2657101841446
-4190.63109989005
-2310.7485648899215
-1830.0634705702928
-1646.8539762350997
-5328.4381015599965
-2649.017521369961
-2401.250647701603
-1891.8069494627641
-911.43279754951
-4324.459072237622
-5365.496121733001
-1713.1033682932662
-2772.127128316648
-2396.271225401815
-11356.849382199334
-4809.801391132011
-5414.425048165043
-1635.5946065876492
-4884.650206497112
-2908.2700106398615
-4784.082641882409
-4293.908432058628
-1398.4554556287637
-593.4352260345669
-4497.256473926322
-3153.830124744155
-1520.8197814139512
-5690.565904244902
-2413.0920770657663
-1955.9148361497023
-4225.177012302256
0.0
-2206.01529791849
-1180.9145285596285
-5380.222186409221
-4493.8855317629495
-4138.494010309451
-2768.907879258492
-2400.4220005364377
-5191.102094370139
-2358.784977466325
-37.72672861253316
-3230.8476475585803
-3313.347176421944
-3043.4606626472855
-2706.457020706643
-4348.059395032889
-5875.73364778694
-1135.7674340713936
-2017.739758848209
-3501.810593882272
-899.2997419787896
-3573.814670676511
-4697.69981848378
-5045.975894415166
-2492.771536569931
-2107.8387010252814
-577.9445625429897
-4112.749750009514
-1714.2099887471227
-1673.9584647108916
-1777.7808506633503
-4283.657996207347
-3059.5459165557027
-3621.5792107751486
-4754.680220216428
-1550.8652006402772
-2855.87739976799
0.0
-1206.4115662543215
-2715.509427527965
-3873.08237431549
-5986.812123677162
-2897.6339675577638
-3270.312027433391
-4820.173308941266
-5159.841936595749
-2300.9859575432097
-4358.99071423273
-2549.003998777332
-5428.53165569786
-3722.7808776637617
-1843.500356709018
-4253.54608178534
-3888.077237108195
-9490.976281561781
-2089.4751584672113
-5075.144983410857
-1821.7976785281764
-5268.113740271176
-539.1382668476012
-6936.634128071837
-479.8048741926195
-2295.695318273161
-1241.1473960726264
-2006.9070718304044
-4770.404616237763
-3864.03490820497
-4071.010220455745
-1137.7485296773048
-557.3349744042251
-3707.1921943398966
-4613.321374538747
-4668.267688592274
-2839.9604799776616
-3184.150897098193
-794.9718444606123
-1525.5137592527608
