-5454.803753948201
-4168.4313817726115
-4166.524500309799
-53.86331612629196
-3949.619284646834
-4485.876088621979
-1438.1326446723444
-3598.1486138771547
-1977.5373474609557
-12726.232035163963
-3592.6913931361732
-1929.5931607475763
-5252.397275561145
-3878.50624237974
-281.72213189539696
-4621.538894818852
-3586.2569259768575
-2698.173412928446
-3189.848041017012
-2550.9276032208736
-2775.1817360684868
-2402.3640557329904
-3828.073709393465
-4184.513443065017
-1948.8022534011043
-3033.635977168019
-2783.4983544262877
0.0
-2411.645032872803
-4170.755685301057
-483.68813871756873
-1866.9098119831133
-2511.8951956215674
-1152.785383215242
-4552.3970944022285
-2569.038502163247
-4208.771403946619
-3930.7657876696935
-2897.230434106413
-67.72923522514208
-1457.5819847074933
-5180.559425621708
-67.84745530973136
-4167.882334618998
-5352.356724190588
-7069.210480015905
-1351.1523899749768
-2408.445590327422
-3462.9323655159164
-1617.3933490939933
-1107.5189459232768
-3439.4862620494864
-2004.4684650258996
-523.5511029573105
-2759.834674806994
-5627.209519861515
-4248.760436732278
-5197.398827006892
-894.3828008445201
-3453.7027207812475
-5389.369068507075
-4966.217273992561
-2485.1000221550653
-3147.179288544833
-2200.3655431711504
-5867.22502483942
-1472.0849622779783
-3215.4040298396994
-2456.1343533757295
-1952.7779664003665
-2293.6045728288886
-4091.192254555173
-2778.980081080913
-1019.9910358053655
-4551.821139835944
-6192.189243951794
-5425.914566895009
-9370.420048069438
0.0
-61.41964348019892
-2353.6265740062395
-1675.1984928506959
-1129.1852298235233
-3756.3598597713612
-4257.883516707377
-5154.5416832798655
-4114.2373468085225
0.0
-5548.502900110518
-1263.481973288126
-4382.324114926207
-1579.599415379707
-5312.948169154093
-3361.93469519165
-5217.903038226628
-3177.938666961078
-7803.793274134649
-5013.591713607989
-3886.862761891027
-1924.8674002922792
-4197.693090453411
-2512.7377643638856
-1522.1325477554701
-3896.000819232463
-620.8738250427767
-3857.4328513955084
-8714.993300173981
-822.7086417393633
-2625.2106378987096
-4834.044605798943
-8499.19591039417
-2999.64643529086
-3428.7519118667833
-3824.5072372877826
-6849.269989624076
-66.02962919193718
-3746.214960032091
-3995.6469538374777
-4983.86701598123
-1305.913799520351
-2145.270364289903
-2061.457098244166
-7.064163650123349
-6423.788918961257
-740.5566639202972
-3077.3518330737716
-4485.0120846573145
-2540.8714225121885
-2961.8363309023657
-1952.7321234478914
-5716.570569873364
0.0
-4701.332758412141
-3633.590727058101
-2392.323276563803
-4990.779306641189
-3117.4379209439303
-1789.3812071733626
-3938.0722541412306
-3351.3641399231656
-937.3192416837871
-4810.617268769117
-3629.3005181742133
-3120.7099029334636
-1711.4312568769358
-3453.2335238220626
-2898.6158644275606
-3636.306130617889
-1805.2438040782308
-2780.8937121502095
-2482.5378895478448
-2568.6823537982204
-2122.8020657781763
-3243.4945164089504
-2996.8719960158123
-957.2801329354768
-4779.462905844618
-5009.542556719658
-952.744162951386
-1324.7535606312388
-3244.712773548181
-5516.784794881779
-3157.2865812041637
-3636.777693786201
-1974.3442578514596
-1066.3264654328277
-5955.399715696863
-458.2121412686449
-365.2269809087406
-2866.4224914418655
-4563.509797751749
-1552.7708995248422
-3301.8111118407296
-2265.7268637078464
-9131.760801801534
-1720.350077565205
-5058.236584562545
-2712.7386074435526
-4560.197421258257
-3851.3959677403986
-1252.045079719621
-2513.247421158912
-3179.8432571162043
-666.4830925287673
-4161.5135902941865
-3200.9883322055466
-2198.218109320775
-1332.8295841714105
-5181.3823834601035
-5070.257041154149
-1337.9141448900414
-8285.784836005334
-3568.404977408506
0.0
-4565.6810941932345
-2138.3706954032705
-2165.1865362836634
-2029.24305752133
-3197.537641943321
-3093.8705915608375
-9882.16011014426
-4255.809919197827
-4899.508413775345
-1499.169776005733
-2715.066350274609
-1739.2644318789482
-1373.9708395855396
-1983.7574239326582
-5856.471843056905
0.0
-4875.2485138804395
-3080.8326377639237
-1266.7169391350124
-2471.767915187239
0.0
-995.6868787620333
-3651.1727742054245
-2787.7630908770047
-446.89031564724036
-2840.315319220767
-1960.974827384558
-1538.3675572067064
-4851.698572420775
-2914.4897394575105
-2937.8172220106567
-4246.557704596866
-4123.73254760514
-2606.2500844601286
-4053.617535717104
-858.1638807924371
-2771.143131808682
-3215.2057946810087
-848.1402395260535
-1955.7215902376038
-3318.767793873637
-2419.053806292664
0.0
0.0
-5767.820610626909
-4231.5744423522965
-2736.635866824172
-2527.1066879638292
-3029.6276880707615
0.0
-1062.5028970769447
-3520.7829600424975
-2865.3271198703324
-3611.9005474227592
-4525.8702717031
-4584.593712465612
-5124.865676944438
-932.6751896820022
-4393.533595289048
-2485.243866519896
-1178.019674203945
-1611.4632020197835
-4020.729445926569
-1778.4784140823501
-4105.301798870073
-7368.666286513637
-1534.4544636011788
-1610.6519070222175
-2827.2116346657317
-1240.8460922074119
-43.15825651381422
-317.97476890516964
-2854.211072853939
-2837.2541404756757
-2077.0340559643596
-5547.359930796549
-684.4087603374567
-5154.186559772226
-5093.992398087127
-3778.6819324277735
-1721.2633342936813
-3062.3350387010883
-4824.079585096038
-894.7505815142875
-2362.891014906999
-52.559579588428875
-3530.682871228998
-3269.6670644263145
-3769.9661235726717
-4977.624067107905
-3814.6507845030696
-4945.649171361434
-4347.323969121905
-2341.607854817453
-4889.3520255494495
-1480.2294445442083
-1356.9707641724153
-3754.694547828442
-1837.6563603047828
-723.5288283287151
-1927.0441447946998
-1031.4301195223888
-2944.9074726054564
-1889.066887784046
-895.536501558709
-1162.031810711962
-282.57275463235516
-1249.830809584138
-5154.998107824686
-69.3443008960557
-5364.015457843465
-2732.6930623002904
-6770.452260913924
-6409.096808687957
-8.044949044056631
-3754.8276609083828
-3120.6868251540814
-4631.465078897011
-8482.404018465026
-1633.7739434689918
-2537.2273627986283
-1742.067821539133
-4065.923747445722
-4794.668012796785
0.0
-5614.525503431977
-3886.854596817955
-3309.6465274734023
-2707.721805950933
-2897.291777100499
-2434.264739308867
-5224.918617419738
-3520.4534991615337
-2627.831596063829
-7.064163650123349
-3580.057415285815
-3433.591621169349
-826.1366008033797
-2607.2287711958347
-5435.238870387734
0.0
-2146.326164162497
-2347.6720733356833
-4272.504796258261
-2710.1221830604045
-4123.420844354097
-6226.57834448282
-2487.5742189916373
-3184.301605265887
-574.0668494345574
-3740.1685776764652
-1017.9327733387611
-5443.218523109943
-2627.62015136124
-5331.745234965667
-2901.1913342475164
-1447.825996543004
-3311.831800642968
-1529.605557341188
-4930.153751095412
-7699.93939273713
-4136.898317996615
-721.7709275564
-3089.074610179517
-2919.9780314906675
-1853.7660384479511
-2223.2382267883045
-2292.360431470281
-2474.678694877581
-3678.8258127581466
-4097.616087079119
-2548.8071745993557
-5270.042869318036
-5087.027826937828
-5117.367435710607
-4842.570717449322
-2536.7867739088883
-5331.301098099003
-4043.0864335748356
-4729.596660589079
-3482.8202457169978
-1733.8779276642697
-869.0355940906628
-1119.2995170515358
-5450.742601481957
-1899.933609563859
-1160.7694282890661
-3393.126697523976
-2217.9321621659105
-3555.0710889223387
-1742.9162619109852
-3548.1454020931815
-1930.2978662790626
-3922.5836381423883
-10818.887959931697
-3734.9784455680647
0.0
-2722.2461540800405
-15239.447243986362
-5203.722502684802
-618.5424031435358
-51.587087132160626
-4982.519461726945
-4909.899387219807
-1902.303883348867
-2726.743542112005
-2812.324876943052
-4872.580233792724
-2372.509383921129
-2477.1157585665464
-3671.236268517069
-5077.58461094486
-2665.281714215478
-3011.3338060360466
-2126.3250824994025
-1360.780595723218
-5397.4197968358585
-2473.6567652463423
-4274.269755624476
-2991.6350670210536
-839.869804426715
-2633.1873843532594
-2975.227836328543
-2063.836568336612
-1270.462403607391
-3548.3602154238015
-970.4884122966638
-599.5677194616422
-3382.3754220868977
-3331.8033636759205
-3871.1514568718508
-5512.054725889368
-2947.346031603158
-2671.3988406322624
-3221.79922607404
-6279.066487162061
-3270.188868297758
-4651.135515360603
-3588.4569294070848
-10231.878592644653
-8510.788764146057
-3556.4896616230435
-2512.1560558933
-1020.1973113115369
-2399.1907960017193
-3116.3897128328795
-1921.3589197675517
-676.4943123183785
-3600.41207527501
-2026.799584350954
-4519.332591698152
-4615.452512568805
-4985.750077647715
-935.9986676305502
-1307.6990318210082
-8691.749784287222
-819.7727711022651
-1820.6082861755656
-3406.2740924240425
-5111.08999397295
-2807.7731283701314
0.0
-1610.896210864897
-1037.2636272458772
-2937.184744953348
-4721.025378923365
-2727.9070039240983
-5694.022090799442
-4445.511162161826
-5749.883186074482
-2396.726207073459
-4156.590505997568
-4545.468569499535
-2724.9379602524136
-5593.723191462962
-1299.7658813745197
-2427.2928243683923
-4762.746743742188
-3846.273817528305
-5681.881793936079
-1204.2821243880278
-4127.20906733597
-1026.378707333037
-3612.6634766926986
-5013.320814714842
-4230.3218164663485
-5100.302285598331
-3583.319522678151
-3800.121645063757
-4104.489991821388
-2330.9559392299275
-5038.693709538718
-7722.038889330717
-4736.782891655436
-5748.237803534691
-4352.066431869892
-2645.976663143095
-2348.4223174708295
-4297.0651938550745
-3843.222190223219
-4185.629923357765
-5008.955019033354
-2831.0168687165797
-3792.761567779711
-5970.405458702476
-4706.330871298754
-5295.036163583971
-1813.5668796503924
-3866.5236419266907
-2546.7259876188996
-855.8692862328716
-2859.653069143136
-7006.905061796223
-1414.8696785126797
-3090.822700964379
-5593.722045391643
-1045.547967694367
0.0
-2518.9398744229693
-2028.9786315810793
-734.6356177733327
-1673.067949564007
-2278.423258011557
-6172.59742511192
-3566.156249473318
-1614.3424898598157
-4212.755745151783
-5045.8808086346935
-2803.244968091564
-4887.03563790831
-7902.203350802309
-2169.354961396053
-4079.502660569762
-3726.393525603627
-4614.620552396497
-1097.1983267616056
-2919.640412884605
-2497.907548691291
-3384.78850685752
-5656.132343799161
-2536.374466672755
-1046.0454862719637
-1179.5758418728178
-4026.014233217968
-3838.006043871104
-5009.7129493386765
-2636.6227022559315
-1431.4090840296367
-1436.0952572458432
-1331.3194898475574
-1472.4589874460132
-2159.6990693485523
-1644.4640807195326
-2671.8396953652577
-3586.0217877929504
-2919.284109760731
-1009.8395079108277
-6432.052951795204
0.0
-2394.6541834834775
-47.90646144840756
-1060.456588950611
-3145.5250422665777
-1715.0373455987392
-3670.0180610798247
-2772.633720826178
-2319.1457395140596
-6780.036129869323
-1800.6665073678673
-7361.258314401358
0.0
-3334.9750300464693
-8.047572575960615
-55.708088800492064
-2262.21073356135
-3845.1785286802483
-2103.5006498194957
-4807.572648183394
-2502.9881457600472
-3095.684152118836
-3603.7708455964357
-2394.840322873411
-3669.5701573636675
-3505.428300799001
-4136.108108556342
-3339.823988521441
-3369.134960910329
-915.0494200146792
-5282.223366077869
-4289.197714728746
-5007.389160638884
-10517.040962639983
-96.73310307195173
-5604.292722404715
-2504.4432022769397
-3094.5114578238595
-4642.215193817119
-3613.830509615924
-3856.9088935502505
-3418.491413721539
-6028.894189815595
-1078.2806555894615
-4298.334904339818
-5036.690018037914
-3576.2480738891945
-1547.471122024322
-1726.1336520832372
-8455.67205444665
-7155.906613184173
-4317.918619191878
-3295.8322779109835
-2288.2625039382237
-4023.494957740756
-3980.1806442905026
-1691.560540084619
-9157.492931274293
-1208.4808331656943
-5816.920831912689
-2993.091215374204
-5289.816825912365
-5120.247458591117
-2982.119490614987
-3492.3415480320996
-1486.6056665950787
-3227.942704145291
-4767.740883246901
-4618.331188519269
0.0
-1972.3060867384795
-2903.8234531825606
-1252.3611411025697
0.0
-1407.3297875958672
-3759.549346297956
-5362.830953519624
-3972.5583886999643
-4555.396719448043
-349.2458223352081
-1110.2703039852681
-5440.146541425675
-2052.271280847435
-18252.448160434364
-4779.259063384852
-1137.0090867239671
-5371.313689413517
-1105.503412025969
-1019.2506927785846
-1165.3699746072298
0.0
-1275.4363256631716
-3730.8174718239593
-3890.4679333753825
-2741.075682030309
-5733.721151046016
-700.1961037369499
-4334.356694165154
-513.6919314211374
-1305.5881437671994
-3617.8532872846604
-4839.853530563405
-4862.536494613756
-5898.422896635303
-2397.183892858362
-2784.8986028587756
-1422.9935180015916
-4554.845235252108
-56.65829733438304
-3417.9669917341344
-1720.157585402534
-5464.1384204889855
-3277.3283742752096
-11190.453916539227
-5759.459924331727
-4139.391020645165
-5820.675812925644
-5229.426117072474
-2977.3395548842054
-1114.6082476912666
-1380.75924815049
-5743.280175420094
0.0
-4866.86887181094
-3875.99215098378
-3480.7445964504345
-3480.554081129056
-1519.3219685236304
-2681.1195839492334
-2605.963502359618
-3848.802719239678
-4105.790672960326
-4271.988713110418
-3484.594993186882
-907.9718849136389
-5837.14695632612
-49.31146596697495
-8544.674149491098
-1957.7056848122866
-1892.5899048826398
-2379.328930674094
-25.630276605351913
-5743.88595261889
-2243.567178347361
-2771.4465392166194
-5144.172995584229
-3252.533531450468
-4709.221144092787
-3155.322820192439
-7321.224602807686
-1381.331923894923
-2977.6029875904196
-1290.58604267715
-2248.989678034635
-2896.069280135888
-247.56539830880536
-2831.0126053492963
-5454.448871884206
-2984.188386342707
-4040.4386379064185
-5711.082939911069
-4504.732044273235
-3567.3511866351364
-5865.94555947096
0.0
-743.4009344782153
-3524.745698332486
-4437.763490337717
-45.05354084737245
-2663.2386858062937
-1315.1926907347936
-722.0542198307749
-3966.1058427329513
-5538.308300276788
-2298.7382691481002
-55.64315004568053
-4570.995962620991
-3032.4522886751365
-1960.2687651161907
-3888.4902918171542
-2693.5580360219788
-4843.165500007084
0.0
-4802.114966146247
-3935.550112436186
0.0
-63.07921588735671
0.0
-8113.512619898386
-1897.1994405150535
-4471.4707079116315
-4341.35921504013
-4834.54188985697
-1292.3655283298651
-3569.192209175315
-1761.5016184215801
-3341.63302427406
-4332.971315499441
-3993.64880531705
-4073.3357598291727
-2567.333833163736
-2274.4088285575617
-2512.420023282466
-5311.535498282423
-1739.5747341062481
-3820.3541552760885
-4023.878600438541
-2426.0061543277743
-4155.644792371418
0.0
-4932.695641257097
-2105.1550270857238
-3915.991669196345
-1345.3870041987298
-5026.164826903505
-2498.643181743656
-1241.527198265954
-2714.4216275916137
-5542.15998133777
-2920.8469387504774
-4356.549895826972
-5038.882673466642
-4697.158657993145
-5559.061723905729
-2850.1806677261234
-4901.191845453326
-1849.9819502486037
-2125.434160649772
-4187.632334453012
-1491.8573672863604
-2285.2210137422426
-599.7050379566308
-28.51807129183437
-3751.0651603788483
-4226.486397984359
-1137.511001654748
-3088.2150415754036
-3119.8895386995596
-1765.527145991755
-5938.45287220229
-5838.376124477333
-997.8346878618297
-4037.4602722856594
-3956.795081490239
-4695.239782197667
-1979.8807377303633
-3812.5741377118857
-2772.439242412322
-1539.452599206175
-2151.519015929373
-2427.0468949742226
-1140.056200925278
-3462.547632584666
-1806.9200064223567
-1119.7941630002294
-2498.9435856251553
-2390.8714877669026
-2527.59988872459
-3872.4146427880073
-5505.636912535565
-1864.5988835356006
-7144.314938115768
-5931.2647703668545
-1092.9441962181972
-2839.5487333108504
-973.8578415444365
-781.8981201622945
-3585.758212356614
-5473.440277449702
-986.6894684797477
-5955.496626148979
-2779.6463609870384
-358.6201801970728
-610.6619578734118
-3649.1239664511345
-1050.406720313862
-938.6393097849956
-3004.021834438804
-32168.700639309438
-3167.367624467349
-4467.071851961421
-2415.96408017671
-1301.023340865909
-4416.621900560493
0.0
-2727.6350777984435
-2176.518022246643
-1003.6950217414043
-2619.0098138443354
-8838.440161727229
-3531.1200517854177
-4879.902791871819
-2767.5251353743583
-2906.0183583695757
-1373.8506800607815
-3062.735251271953
-2406.998191732776
-1373.2954155969326
-3172.588904593233
-3093.720367047669
-2675.15486923551
-3725.4819811514208
-3229.322525235185
-6685.918942352941
-2855.492910327617
-894.7885062206749
0.0
-3322.839069454343
-4670.126506296999
-6493.211484995266
-2153.160025836148
-7705.979080575699
-4451.625864892027
-1793.6632052602451
-1025.346100272995
-48.11842500367396
-3244.479919817093
-2653.190408581674
-1572.9189106705628
-3713.5941009995986
-3342.432880989917
-319.89228564947246
-59.89472557424358
-1552.1992357510558
-1175.8719412603116
0.0
-5394.812436180358
-4853.600342050866
-5786.590870514265
-5764.685618758317
-25.535574796761786
-1358.6338456578392
-962.1436656757558
-3265.2315761165723
0.0
-2760.2069850793523
-1951.1428054516446
-4798.553469284072
-7378.436166086447
-1572.027781132365
-2574.738538359346
-1257.9499033987731
-1687.891407169312
-1661.5562661103716
-1223.0168241759159
-2645.369696086597
-3939.6959983883357
-1101.0125129949206
-5158.749450756732
-1833.62188097498
-2494.2687661415243
-1909.0257124720467
-6026.122002458358
-5034.02345447586
-1896.0136581305972
-4125.083949678451
-3415.5598123360683
-3429.4401433192265
-10165.705918777738
-99.09760478566346
-2748.046074667519
-1343.6599356408685
-2177.633042602465
-62.31359475213287
-3654.9474838131473
-889.6111714788068
-4825.179227545699
-2268.2241547489725
-2872.7419739185934
-3959.102655056118
-2816.334697038499
-4356.3395334695415
-1657.8430885733494
-3339.22625697645
-3298.073661080357
-3490.0574924097814
-56.31958334623596
0.0
-3903.647793920888
-3392.3964233848455
-2892.3693787750904
-3159.0982873577523
-1716.1934995961883
-2588.866875446903
-4771.913217974612
-5199.706412611757
-9488.54804479471
-2165.369384906116
-3710.935251230992
-4119.820133695502
-3187.459984518182
-1475.631471529855
-1498.2701506720468
-5175.831585305014
-1169.3585991415064
-759.8714371536706
-6990.228781494364
-3800.232572089402
-3795.5821512734715
-1344.9185256942671
-5841.577313475363
-2111.7111650863167
-1101.0386648122144
-847.9403336271765
-3455.3585485155327
-2008.7660661167488
-6430.318966114633
-2640.166846428282
-3755.242349156627
-2303.7429560884552
-5311.775511207901
-1500.6107066926804
-4752.549519908377
-3726.9613878350465
-3236.381316758987
-4182.614761944074
-4124.345638743292
-943.5980000463171
-1403.696310792618
-2465.5892487146057
-1051.9196802177544
-6929.132700187192
-5096.685881187029
-5043.612455960408
-726.9740195615693
-2773.5921836972607
-3802.7863201102004
-2427.405028057731
-3180.540907024113
-4642.125578996071
-4480.359770584955
-3119.466079936065
-4730.482781046443
0.0
-2155.9561349940805
-4463.712378574011
-4438.682782040005
-3484.3300273247073
-14616.275395406243
-2271.0825074655204
-11.498732774044985
0.0
-2083.1080683244472
-1755.2412238996847
-1128.333277599882
-3362.4539308967323
-5173.944272038448
-2269.6678735416317
-4069.0146324652073
-1202.571582573283
-1643.1714793960668
-8190.19701524698
-1344.5518652313463
-2778.8738873120533
-4403.645040410335
-3733.284380950176
-4090.7237992130777
-2213.564447254167
-1811.4578534978111
-1582.877363009364
-5232.942238677239
-2660.5112986451813
-2393.5781261183306
-1912.285327176486
-893.1988337039011
-4342.892964063926
-5174.095094642155
-1648.4708623418744
-2738.662612835588
-2344.0190872667613
-11308.337150329802
-4737.016413949704
-5317.414278797648
-1633.0189392911022
-4835.485665325297
-2897.0098885449756
-4685.710138359593
-4182.012722211983
-1348.8727041728441
-613.4046573835947
-4578.634884739968
-3119.1494504391594
-1482.2722812610211
-5570.167409078268
-2392.410305246599
-1895.673418561355
-4064.2002597092173
0.0
-2169.8235563943067
-1107.6916833553828
-5338.748455732654
-4459.116317402532
-3956.672678404118
-2738.3797387197415
-2396.060573661655
-5146.640279303551
-2310.562847246066
-37.258172497790085
-3161.451822214189
-3244.092146798746
-2900.4318454992576
-2662.7704377210084
-4303.399919301811
-5775.613373837703
-1162.1503211470167
-1950.1999905388811
-3147.8794473271673
-893.4473928346187
-3414.2304925116746
-4699.652627857109
-5017.712263422205
-2346.1109557230425
-1989.5091021085616
-568.82170348947
-3987.6560548953416
-1705.1327150301659
-1634.459379324658
-1684.0177617757565
-4194.953414166337
-3001.4205211890826
-3560.758046826759
-4355.897844094614
-1518.9942852782158
-2724.12829144654
0.0
-1217.4647235316613
-2608.663700040696
-3675.858030259338
-5837.057377489479
-2905.7835602470004
-3193.4141160696795
-4834.9421831752625
-5054.148991771405
-2284.1413065891566
-4222.989313320045
-2474.449671023643
-5423.729616856053
-3687.5729086088345
-1778.8637316490372
-4243.434247745331
-3892.705442840349
-9487.233233949608
-2056.06765242116
-5020.347307696222
-1715.2311926591885
-5171.568521340526
-536.7915455631502
-6518.360032053608
-484.75493294416805
-2246.2500364022444
-1160.2347442858031
-1974.114513103947
-4679.72840532981
-3502.969422767315
-3615.9302325985295
-1129.485143780708
-560.1878521153214
-3329.4081840884887
-4454.560218021227
-4702.126579679621
-2879.307280330735
-3142.60589753659
-800.9853159776409
-1532.816304263722
