-5221.23289891604
-4231.0204058939
-4290.161546703107
-54.20126166105827
-3957.9383655354573
-4593.317910000897
-1440.1596017710146
-3672.872469757839
-1968.9292451246465
-12936.655118932636
-3617.710920477771
-2097.328216487383
-5066.155229382438
-3920.3456173632003
-281.26467854970826
-4662.363725913504
-3785.7270915430813
-2739.51696933609
-3236.072853358069
-2596.5472135494556
-2814.6632788901384
-2403.0925804566195
-3929.9849091401925
-4285.227773729648
-1972.4088600132127
-3114.8157961701336
-2815.5789922803965
0.0
-2420.4936130345986
-4067.035326502193
-478.55753714716866
-1875.2038956839422
-2527.647851378726
-1137.7427218996256
-4386.805625992028
-2606.7506397156762
-4195.982676743678
-3894.727772055654
-2850.5198541536765
-67.05625045890827
-1527.0043353092606
-5195.717669775315
-69.26814722060817
-4154.914204488209
-5286.673153348964
-7108.156931143855
-1397.9268090859327
-2418.9994403351147
-3516.678506995434
-1600.2679073401312
-1130.9572233893466
-3626.8715018195603
-2141.4208593399662
-502.51580798000595
-2793.2446646890085
-5563.023347152305
-4338.090545160395
-4989.529316054488
-910.2235132171742
-3578.866562173132
-5518.2698121122385
-4928.206695801349
-2461.122312576181
-3246.252174590042
-2256.2356833521508
-5670.79047354507
-1481.8274322249429
-3275.4719534200585
-2560.842806228788
-1985.0650541898729
-2425.3881442910447
-4136.885347777399
-2944.285075746948
-1126.8607791180466
-4615.729974719228
-6206.743039825094
-5323.546290828168
-9515.480908013002
0.0
-61.64053964851057
-2389.554204417152
-1662.5907160971976
-1113.6323213614096
-3776.8705491746614
-4552.434993217806
-5207.311309978874
-4114.339608201721
0.0
-5476.87976562809
-1248.3867992896626
-4366.081128943559
-1648.2795612768539
-5389.297310187601
-3402.99530508089
-5038.593398324549
-3352.3049158310932
-7933.9201056144
-4960.467556176736
-3898.2104178801155
-1989.2350456821168
-4196.347449210508
-2458.781662764869
-1505.6758883191812
-3938.9332647914794
-614.5365045461996
-4008.809352136718
-8764.978420034982
-820.9418076968979
-2671.7464070333053
-4970.297475468768
-8385.07155108076
-2999.973286093226
-3405.046866812002
-3931.939977397663
-6735.128459638761
-66.92633375983479
-3767.78645124709
-4149.024590600993
-4778.894903341494
-1348.310581842748
-2137.252184960445
-2082.082646612688
-7.033640189771006
-6417.503822104267
-746.1466126218352
-3088.116812061629
-4423.063120643192
-2574.843067323678
-2922.038361633652
-1993.1670888241765
-5723.765294994119
0.0
-4514.55042367368
-3867.362981834541
-2478.767971856549
-5106.450758082858
-3161.682855848347
-1783.700949794459
-3863.716770358065
-3475.617869267799
-932.6773334481345
-4899.761924655309
-3716.725601773151
-3192.811870431495
-1716.825750967893
-3581.183043859046
-2849.3448955992853
-3555.6148353362573
-1785.2527768562443
-2778.1673877924914
-2567.611773877505
-2568.9902580530534
-2084.5685886150345
-3330.2406348830773
-3125.170137575846
-946.6708162558743
-4815.117698521346
-4973.432329432988
-959.6407530519697
-1329.2755132972775
-3295.024778235987
-5312.480234587151
-3263.5014273421457
-3723.356279867188
-1991.2891834396353
-1086.6913883188777
-5764.841828959834
-482.0717913443464
-365.1266498472087
-2846.824286655689
-4531.886186387695
-1544.5912444491316
-3435.029730516415
-2342.3965694667972
-9111.636871931136
-1820.1426643269622
-5393.727738124883
-2679.1799134458306
-4615.6893841223455
-3866.83522715482
-1280.7152778585364
-2668.669986511657
-3341.8339685329097
-662.7045765056464
-4275.612044893116
-3246.405774263694
-2224.108575523903
-1344.8741063185105
-5149.096176013822
-5032.492509776638
-1424.7576207151378
-8241.620564644461
-3572.172879274442
0.0
-4601.872476774498
-2111.8553030283765
-2131.061039026722
-2122.554231744959
-3211.230905357086
-3120.53708391171
-10022.002074419908
-4206.638413150681
-4944.811270646769
-1482.3248962160978
-2845.1986970134835
-1774.1905764168785
-1460.3818448220609
-1992.7854571040732
-5829.487602418357
0.0
-4662.654793198302
-3076.0874344989197
-1274.4672816512236
-2501.4494662872294
0.0
-1003.2882627835619
-3733.0169439225824
-2838.0367515671364
-453.1810767682699
-2921.6988596447577
-1993.4560252600954
-1618.1897063652718
-4747.96295874616
-2931.1290392289184
-2915.9020825814587
-4429.379248036056
-4141.899189074006
-2679.9687420902583
-4228.186576769019
-872.5254578674844
-2741.2619569050303
-3302.071641780793
-823.9239613803874
-1984.41338228456
-3473.8478005690276
-2432.1409080953354
0.0
0.0
-5786.347766209694
-4279.0374987512205
-2777.434403015353
-2592.174793107827
-3011.9842667341
0.0
-1059.7845041516798
-3569.604308469656
-2957.040687051831
-3585.4957938610046
-4579.148244208855
-4497.427045608844
-5012.298737454403
-924.3649419534169
-4480.200320955133
-2567.2122792693526
-1185.117447901944
-1618.4520756542925
-4092.2705935736008
-1805.1233491344228
-4141.892864497127
-7319.305493042823
-1527.1940468330363
-1647.5091717381433
-2910.414246360441
-1213.52794138554
-42.33872215015215
-315.4510831327986
-2914.6247380470954
-2813.265624988044
-2069.8160823722537
-5327.573448335503
-691.7629380375471
-5171.890798624033
-5162.394214988748
-3877.29590959458
-1756.6009447132108
-3110.9019122375994
-4610.689950252911
-903.9243702697115
-2328.271498212272
-51.396327558924725
-3595.34838586037
-3340.4569614503503
-3851.549934680909
-4733.287488525225
-3831.0469384277667
-4932.3323476972555
-4385.749261994404
-2403.677379365944
-4948.395697154997
-1485.4368111176693
-1332.7808940030413
-3818.0872726778716
-1857.4577012829343
-727.4692570215507
-1927.599307653533
-1040.978723980428
-2956.1791862312634
-1983.6960952048082
-877.3695081262103
-1158.0142239895745
-282.9605857933067
-1261.5299409612167
-5138.048826593873
-69.42240686026406
-5290.801087132567
-2807.0003752470043
-6819.3074095579095
-6427.522294216856
-8.117035476290596
-3765.820881210118
-3176.660188248753
-4438.545179678863
-8326.829830659688
-1618.3791787897787
-2579.4000953117165
-1687.912045618654
-4103.125308832902
-4603.595684972125
0.0
-5659.145313517688
-4120.933637785147
-3302.066518183253
-2704.008061578494
-3041.2746613638888
-2460.45261979193
-5265.445636342201
-3697.9379931148605
-2687.2883429574485
-7.033640189771006
-3677.78581452069
-3530.7450900282347
-843.4648599915115
-2709.927761114622
-5561.296770476315
0.0
-2192.5818393396416
-2413.612888022992
-4277.139032126444
-2683.4348749746373
-4254.516034421801
-6421.891250749315
-2511.444019953193
-3120.272304916867
-571.9536035031365
-3904.302354253212
-1028.1690472164717
-5493.049407791637
-2724.5942005788484
-5301.07897405784
-2928.2653881625342
-1416.7857126169288
-3310.707216012076
-1552.8250412933023
-5050.141209538165
-7803.393199108291
-4269.824157978494
-710.7591054363003
-3105.222906314503
-3022.5163713347974
-1897.581097561082
-2243.7328107503045
-2405.508211467115
-2445.9437359373574
-3678.20007301608
-4062.890796365105
-2618.7395815397726
-5319.749239670042
-5189.809769409875
-5214.529803218368
-4751.568463402816
-2554.343438642634
-5170.479742588542
-4089.173295744832
-4688.760870775243
-3528.3350800069065
-1716.6681639377853
-870.8797791804261
-1113.6565723521635
-5396.741108360479
-1933.675557442231
-1239.6068034573366
-3464.990713180668
-2252.810450247094
-3731.124747780068
-1783.5201598967656
-3585.0172590527136
-1929.3093954012697
-4011.7607180045393
-10886.27725904745
-3705.8972425719962
0.0
-2877.6943304714205
-15329.143579849038
-5000.081828796137
-633.1828164689738
-50.5574319138014
-5001.07896614205
-5015.287572046052
-1901.2718533830796
-2785.610236548694
-2839.3401709601376
-4972.345796221095
-2517.62377420342
-2453.448975096329
-3816.6941351781734
-5324.4894889702855
-2678.2038628104383
-2981.553127268373
-2127.5662922342417
-1387.7132148406963
-5642.441036611307
-2517.9595012213445
-4399.147115578212
-3014.493069361078
-840.0099078518089
-2599.8287665753664
-2982.281077065077
-2158.104766995549
-1283.0756528188697
-3601.5483061669083
-1046.6263755400596
-603.5880873384166
-3392.9843383117636
-3424.424872292263
-4004.321540718857
-5573.81893005245
-2964.6382172550752
-2663.925503908254
-3218.548614573949
-6298.318341099728
-3346.1075167532867
-4674.574260164701
-3634.266778080847
-10413.055312158298
-8365.962632409219
-3584.1018469484743
-2532.7522596862777
-1033.4696825827523
-2406.51822079525
-3309.751885013663
-1936.3496919297443
-689.062033885907
-3792.9246040928797
-1998.3327628010234
-4447.308661965665
-4655.163223981865
-4979.184144861977
-929.9119411333627
-1312.447171920145
-8820.589022013848
-813.8343116956219
-1824.9470426069972
-3528.3518190850086
-5148.944812408335
-2805.173538808565
0.0
-1648.7051196919197
-1036.8585221090725
-3110.7145889190037
-4597.192709214387
-2787.907688656538
-5331.5052659109
-4358.259001985858
-5567.012384181055
-2411.0023450739227
-4192.8283771639535
-4646.267194857131
-2756.8041039029476
-5582.058735735093
-1305.8216762529016
-2439.8266775395327
-4570.521377980526
-3911.591642072139
-5475.663350842371
-1213.5148406930446
-4149.149785643417
-1010.7089859809705
-3616.7344003822395
-4805.711467399884
-4138.277433598792
-5083.1957242605
-3767.860541899964
-4088.5573047407024
-4371.952061686124
-2487.8664727552737
-4850.0317241025
-7711.915802752518
-4522.861908867335
-5591.820188665811
-4375.493326536195
-2662.3708741560895
-2403.221323818474
-4322.618165564307
-3872.771028995765
-4209.578662101593
-5077.977370202347
-2912.5209084232583
-3890.218491176979
-6113.866608328743
-4738.003245769827
-5302.476101491636
-1835.0648332575852
-4012.4483517407907
-2525.89383465102
-860.8498564504507
-2798.3018074498127
-7159.674692820513
-1420.1578331274436
-3111.704359943495
-5673.719452956353
-1056.573964300368
0.0
-2731.6537391775696
-2002.5659450154121
-743.7602534504397
-1742.2991719044812
-2283.647264553459
-6181.962014324413
-3580.188246157178
-1612.0730784323
-4221.382108771644
-4874.0907622943105
-2797.4950554130746
-5064.7341685477995
-8031.874679601756
-2169.382370330838
-4074.840834082464
-3860.934201203975
-4689.49855311877
-1153.1900908988273
-2978.375483363415
-2471.1159398134355
-3369.0569539668063
-5454.250863345575
-2520.8990697449126
-1062.723480649131
-1297.5061811334315
-3986.546473233576
-3869.1938967008346
-5081.675434793916
-2629.204709047345
-1431.4040514457733
-1450.1952821493444
-1343.5800904900182
-1541.6277667308304
-2183.4943960619535
-1677.7817884584945
-2739.370502624275
-3447.580437848357
-2871.4368366780445
-1114.7273765706088
-6495.431695689374
0.0
-2426.3769699821532
-47.27584756936524
-1062.1974852525695
-3132.8131030872432
-1738.0356354815483
-4004.2045683883566
-2833.402463904578
-2364.3333210258966
-6765.187738619064
-1837.71965633552
-7367.610777748973
0.0
-3362.847488727348
-8.00138088700948
-55.96095542117451
-2224.840648831398
-3920.015887211806
-2109.9123196223727
-4955.104713658995
-2616.1100921618777
-3154.7303732041573
-3571.6768534122243
-2483.902429503896
-3687.1737559377766
-3515.0225352887383
-4194.372163188723
-3536.858381350016
-3392.320008611483
-941.266445488779
-5325.149247301598
-4436.3838365405845
-5026.312284535986
-10537.75883995371
-98.58899691932055
-5616.796419046529
-2522.68864840642
-3061.5010716359734
-4747.901671002442
-3615.119791982152
-3888.1444836688715
-3466.7187329294884
-5849.299605367682
-1095.2004965809008
-4400.247726176188
-4921.255970376476
-3627.072900639551
-1537.0710489330856
-1702.4487952290294
-8401.276562463745
-7206.798059200343
-4339.515069851067
-3364.562882013998
-2341.3950334715737
-4014.925637530408
-4026.2845819492954
-1672.8354528318598
-9255.688842511869
-1201.2170453388362
-6053.461794012508
-2923.587990598502
-5248.194114728479
-4917.62072812823
-3020.527804834088
-3717.7348592082058
-1504.1219121640374
-3395.7642679820806
-4934.843754558518
-4538.985579027894
0.0
-1912.4489197765201
-2925.4025538695228
-1253.7188753147002
0.0
-1414.7173674272622
-3701.8337941130694
-5431.487284446949
-4125.888894817853
-4688.404645492054
-347.9743994585888
-1069.7739949843722
-5266.304108022677
-2110.401808100127
-18394.05114780837
-4925.129229413602
-1187.1239161306837
-5385.870798376365
-1119.9527358329544
-992.9588786097411
-1142.3059073356665
0.0
-1292.54923848697
-3836.040296277201
-3828.30958954987
-2756.431270686196
-5741.416358988095
-676.1165396000747
-4380.190559361057
-523.5017688932505
-1313.1691807802881
-3651.246102631803
-4842.487816799828
-4851.946829159197
-5990.10530628013
-2439.6592049267797
-2889.975296238426
-1455.8118532020226
-4583.557039458323
-55.83698500455448
-3429.1558916767017
-1749.7591266198076
-5590.251592888557
-3334.061666312098
-11160.260984639708
-5794.3136320854155
-4183.480314034677
-5847.286587077916
-5290.187276753468
-3001.759966964003
-1166.9709930406907
-1400.3655902007463
-5733.09157805186
0.0
-5144.333986124447
-4015.1138180484054
-3557.455470534522
-3357.0392502949903
-1516.8921808339112
-2733.3227443317865
-2753.6196872779246
-3935.282301865187
-4215.159496471772
-4395.015891493187
-3589.7360806186125
-891.3028833282361
-5748.97621066694
-48.16049166933419
-8617.384407096823
-1997.4065295721039
-1887.2132891812287
-2402.822891459283
-25.740692365376617
-5789.310056506929
-2212.608945362884
-2781.2924252730427
-4958.933456431856
-3267.676959624279
-4682.534090387028
-3136.6875433168443
-7346.635609143078
-1537.387923779548
-3059.36077434784
-1296.5033511687993
-2304.99984038558
-2939.2247399801713
-251.16111401723168
-2830.972805177262
-5247.560476374619
-3016.2513874517113
-4046.4331478780045
-5786.283939524479
-4338.541614661242
-3578.9132693623715
-5894.923042852128
0.0
-757.8379676965247
-3531.609826203192
-4686.868944726755
-46.46075207665757
-2665.196041052144
-1319.272200214987
-728.2437353320661
-3969.895579603812
-5441.167655951814
-2363.2698601733223
-55.23770094222431
-4388.4946451192545
-3085.319753293492
-2002.3045437462317
-3865.057172446878
-2718.1327353946103
-4754.599257131495
0.0
-4781.288262038314
-3890.9662355811884
0.0
-60.71428132245642
0.0
-8133.842885322321
-1896.4368893823923
-4423.662508886538
-4458.608959989111
-4666.275230111702
-1332.2997907145107
-3585.7507158899584
-1826.0761493420794
-3433.2704654411946
-4548.792456316507
-4034.2008823581937
-4082.556416117559
-2571.976714554624
-2314.600553435764
-2506.7486671413108
-5349.2505059628475
-1756.555770127802
-3850.628745459207
-4197.914733762431
-2462.3618615620703
-4305.875654527506
0.0
-4757.266097837607
-2128.017383854842
-3966.132410659355
-1341.440278509942
-5077.8969818726555
-2498.0157166421805
-1305.233253187657
-2802.728452024222
-5652.481079553119
-2948.9833856761375
-4479.693648186486
-5061.051246357921
-4521.226580140554
-5593.267592995871
-2905.6301204472825
-4762.958097949253
-1846.88689599334
-2187.674550662768
-4236.546742001595
-1470.1782260023444
-2321.8484051717646
-606.7474040876066
-28.28328247799795
-3807.570356405324
-4222.063864556733
-1143.910128587223
-3098.9433410971924
-3150.9102280687925
-1802.788788512697
-5953.774143049617
-5628.05870263129
-1026.4179454747377
-4258.935904393656
-3954.6540427279015
-4715.707117954491
-2065.156952196218
-3787.5510126836743
-2821.2988015162655
-1501.7881185644692
-2160.0057411261305
-2321.262642691579
-1152.6501418490438
-3433.282451129515
-1871.705695425023
-1131.208380647034
-2458.1327766501604
-2366.124612720236
-2550.683975668262
-3864.449003740981
-5287.599740135668
-1949.4933662080273
-7186.209495278067
-5717.0881991737415
-1117.2059107305633
-2908.461805751357
-964.9319536081575
-788.5069204484195
-3652.1468315878383
-5499.869731774045
-966.1911904092783
-5897.2005451040195
-2835.0255357314018
-355.029612605406
-590.6774089984506
-3788.1824455194433
-1030.4480484299938
-941.9239019859364
-3132.570314677208
-32588.9359490523
-3239.8166302900086
-4510.056423732338
-2433.4242494736286
-1319.4340778636763
-4533.688489225645
0.0
-2699.653861052361
-2141.2014063241004
-999.6682530697813
-2567.8276841145585
-8889.05163538018
-3676.3451872532964
-4826.310980943195
-2759.7960461345683
-2957.338401628164
-1381.5740757321219
-3085.594506000537
-2580.394121012402
-1366.6994255609538
-3312.7013219431433
-3098.176982131402
-2716.156666039065
-3771.1741633677093
-3286.89053301464
-6840.708907336416
-2864.2978792092
-898.5392129412966
0.0
-3429.016623652389
-4680.669104331584
-6564.693464146565
-2152.078132754006
-7624.187425854335
-4388.670627841352
-1841.3208609458482
-1107.620277738739
-50.366334293861684
-3227.9683955679807
-2688.245678201704
-1565.160726050048
-3721.2401939024235
-3346.127160826509
-314.0911360320865
-59.249725182758674
-1549.8360790248378
-1166.3625744919232
0.0
-5182.2246539858925
-4850.013772983287
-5814.399397610295
-5998.331319624171
-25.51388718688734
-1359.64746311373
-971.9510884632508
-3263.4334864971106
0.0
-2904.506766832267
-1984.1796124461612
-4889.069538769858
-7395.612440460733
-1605.4456064284523
-2657.9169302998384
-1232.1487728658194
-1722.7219260050654
-1692.0153456614662
-1207.2604461202366
-2658.7591677886967
-3891.915003854862
-1091.3826632158907
-5081.5492038389975
-1870.6492203985042
-2518.07301770062
-1935.3585138438423
-6060.341758650714
-4965.788330090246
-1961.3396504222105
-4207.719991413998
-3428.9719143244033
-3479.141895479937
-10072.7334518203
-95.41878044397457
-2813.6312173444426
-1369.7122128273495
-2198.636286671913
-61.498673839008696
-3632.5751160324435
-865.4988592020262
-4661.8437391898715
-2251.512000380565
-3031.971928172794
-3988.7536052910727
-2825.1909880349403
-4317.948611327494
-1659.7268724835299
-3313.3207103177483
-3495.293595820984
-3537.8708377106373
-54.697721117647994
0.0
-3924.8049418423084
-3578.7179810130624
-2822.4942710241057
-3175.2015737242773
-1809.1436866010276
-2589.369746657892
-4597.075883611388
-5011.584788372736
-9569.44951025181
-2299.550274795832
-3724.2493412745866
-3999.6582556042486
-3131.2327650377956
-1448.8597028084037
-1492.2347898854234
-5176.314582738821
-1155.6093897544383
-771.6629776713975
-7019.800396478821
-3915.648102303097
-3955.959547252616
-1355.6632482113666
-5865.624431525797
-2120.7433381784244
-1157.6995653166264
-869.8304048537627
-3577.7095039716733
-2003.7925530347109
-6496.318817309467
-2799.737228333753
-3875.458733562761
-2281.76641844257
-5102.7595048456305
-1518.6232199399608
-4855.0779824543715
-3786.2714308679574
-3253.4180177893722
-4276.082279719238
-4219.430029958248
-1031.0858249237333
-1494.3806511667206
-2452.097078511043
-1030.52164788079
-6968.729733774503
-5061.994375631496
-5043.898700301989
-731.6369410279893
-2767.360755483382
-3878.2547903357613
-2463.3152025758773
-3251.2436721081235
-4693.803999255051
-4722.045446543125
-3080.4423719250944
-4546.596138540586
0.0
-2151.7756978962475
-4412.648542629678
-4274.458476080545
-3501.819022390738
-14616.090660660318
-2338.962194990277
-11.296943380361764
0.0
-2096.941243019681
-1762.2416194436225
-1132.1361263461788
-3420.173081518064
-4977.993106834778
-2253.343814439135
-4382.538701197757
-1221.2429901389214
-1659.9893270970267
-8205.437213433275
-1362.1237243103149
-2777.6666591888024
-4377.85155550506
-3879.5974175028036
-4136.569570598009
-2271.745470396134
-1825.9355462600972
-1616.8335412849774
-5304.1537716383355
-2687.1270438956885
-2340.8495298347816
-1887.1873885549307
-890.4260707554135
-4254.528212216221
-5268.2401299341645
-1649.7979807831641
-2752.496657158855
-2413.1431850445047
-11362.414434546134
-4585.093667216002
-5340.811130000232
-1624.0325243027846
-4752.983658945994
-2922.320868719147
-4666.87814694611
-4297.964313651215
-1347.3538109389137
-589.8809092758713
-4574.258464687643
-3217.58783561761
-1520.1548967905308
-5587.510293391833
-2398.5715486998292
-1944.7458891605618
-4164.107570000182
0.0
-2167.119465193168
-1203.7973428836005
-5220.237214394591
-4498.661994275279
-4073.9523034372637
-2751.595047592883
-2398.371094220506
-4967.160155491349
-2332.6446771517653
-37.4461200989685
-3171.9477508599352
-3284.1061149513357
-3005.0106936389097
-2694.4636704220343
-4360.405957263283
-5890.727946136116
-1150.2683595400074
-2011.6535197452472
-3266.565307677507
-901.8144087203079
-3548.458604342217
-4734.610008938229
-4957.058948619543
-2528.8509282542286
-2030.7998917161342
-570.2956157317184
-4070.1244370102772
-1697.3292368724894
-1627.8539778500644
-1767.1393604451366
-4314.186731296464
-3045.2527425173575
-3676.0099092548962
-4513.45453838119
-1554.7102887540975
-2784.3400013590413
0.0
-1208.6307179859473
-2658.3783095257386
-3743.8937859189505
-5863.016178514556
-2853.5143786641047
-3216.2832760809115
-4829.5578542033
-5007.8053010038675
-2266.807481750381
-4331.639030512713
-2514.6998375886474
-5643.608760273676
-3659.745944106715
-1829.3730429346
-4375.65488658542
-3914.1456745849837
-9500.831913843029
-2049.455567009864
-4789.140216826726
-1795.689508100045
-5111.898950030094
-537.7258930707744
-6768.08866413878
-486.767680071242
-2287.843804219474
-1216.2144186972614
-1987.1535396927372
-4714.441674515836
-3687.052609488741
-3801.5661554010544
-1106.712888135583
-548.4183233368685
-3503.0033430255103
-4554.511110541238
-4698.879658622781
-2850.600934848765
-3168.737426455446
-787.1811305919267
-1527.2225959856173
