-5236.2176812593725
-4070.8669924237097
-4140.020957562241
-53.72111632781305
-3945.4134499317083
-4531.063610212386
-1395.5001898341093
-3542.2555997775985
-1960.638954745193
-12720.266816569572
-3583.779142672063
-1952.7091867474767
-5063.088782757605
-3833.4857294088783
-268.8562629830901
-4553.626090102029
-3721.681125573903
-2701.2853595829265
-3140.3431411116376
-2525.228117699001
-2719.5662158492605
-2361.829755682163
-3734.3777584823993
-4124.166276804605
-1881.1222180220195
-2972.215267740303
-2750.480382428173
0.0
-2381.935365391905
-3948.5955765096733
-440.94157856775325
-1647.808215644676
-2449.985822306717
-1087.5814381872535
-4375.759924191256
-2511.533897238722
-4144.454556754972
-3598.610450130213
-2826.66985784979
-66.77006344168736
-1470.0362737080513
-5146.11640162867
-66.05378977292307
-4102.656322672464
-5171.562205846429
-6946.239359826521
-1315.1378835746398
-2376.233487952857
-3359.716121701223
-1599.2187531929028
-1068.6319877356948
-3593.8687444978827
-1844.1543461782073
-464.3042323648858
-2549.4938820087873
-5404.015857225417
-4154.225381031929
-4991.027537318812
-863.1352217935928
-3284.056735188099
-5244.55043711767
-4924.1863107939735
-2378.8455025134062
-3055.083053339915
-2171.373000562897
-5673.023863187779
-1458.8477869257233
-3146.1611175923313
-2333.6926659404753
-1897.3793019991456
-2145.670194496898
-3852.0884263611083
-2879.676428981622
-1019.6373630561784
-4477.520072459759
-6202.087029572495
-5250.651998035571
-9466.264220039904
0.0
-58.07177229161135
-2131.62722761985
-1620.1347533190185
-1068.529489391851
-3671.4274990514514
-4409.131105632753
-5138.600847182955
-4107.291363463088
0.0
-5497.724690485019
-1198.1335720429402
-4350.9032138940565
-1572.5065338038178
-5299.774827969265
-3374.6261356007026
-5040.929979191886
-3253.323414858263
-7622.671207620107
-4850.3580629681155
-3848.1807991164455
-1875.3770399937255
-4188.083566476383
-2344.9067711848365
-1507.8818290231352
-3885.1987451887817
-593.0825229402238
-3960.393650358349
-8620.77138283556
-802.5475132152098
-2554.6743792795355
-4769.879960419073
-8353.977782448075
-2998.385294409564
-3125.2964237863457
-3920.4737377313863
-6612.203991444602
-68.7978999159611
-3688.992175847675
-4108.418077200916
-4783.190281960291
-1277.325602565739
-2122.2459701323555
-2056.0111060068143
-7.169130014815318
-6359.985172888322
-667.3279121135038
-3040.522718898911
-4310.50593696839
-2373.9576009185216
-2884.820126849254
-1853.2748662293434
-5695.642118518287
0.0
-4515.887162985118
-3785.746404944667
-2254.2167830287526
-4939.687654888646
-2918.085559928889
-1763.0232550230492
-3761.0743380437684
-3346.8992599842923
-912.4626801323669
-4836.403249434539
-3555.267661891896
-2995.7933224515327
-1676.8048368659718
-3319.626294421832
-2830.3310214650196
-3415.859932264118
-1727.9223495195974
-2697.586552391948
-2432.977704455883
-2547.226463959697
-2047.945686689281
-3173.9515058739585
-2867.215827528148
-938.3909309840795
-4726.350236271199
-4855.875278683227
-916.8613619555688
-1275.9492182891158
-3235.5001613227837
-5319.272617776117
-3145.7040490893946
-3535.0876191857897
-1953.1651400261712
-1039.4930950427652
-5740.454066320412
-443.33133533445476
-360.80994268285855
-2825.0025056274417
-4514.785476133286
-1525.119290701726
-3390.0429092667173
-2177.4022262877425
-9054.551566753922
-1658.4890761014888
-5197.14086775648
-2640.5454129690847
-4482.510617412547
-3579.9786727430164
-1224.9960859190655
-2554.451617942416
-3069.762374016709
-650.1904342724522
-4203.913651891874
-3169.214450150181
-1943.6939709125452
-1285.0723367508178
-5120.1836025472585
-5052.710245424619
-1283.4362452345395
-8143.8443899433305
-3313.4247732485996
0.0
-4464.466598977206
-2096.668108721685
-1951.1960251799128
-2017.7889234742388
-3187.27385531519
-3122.333294182012
-9380.063270052471
-4182.641094537624
-4888.278344099421
-1454.1978969166198
-2539.8045147359517
-1735.6441524638497
-1377.594250366433
-1933.3793362632032
-5784.61998513208
0.0
-4684.514869416502
-2713.0164689891353
-1225.8260027370502
-2450.3884565004423
0.0
-953.3787533542505
-3642.215015645509
-2668.4219429777827
-445.75825512075954
-2791.9115526775886
-1924.4782330288297
-1546.089424881413
-4695.812840209888
-2829.996805844864
-2626.5912032372585
-4228.265318617091
-4105.585779399683
-2491.67990896738
-4151.417049974498
-842.0021868648377
-2676.2789385836695
-3162.875790186099
-766.7732100547391
-1985.8495597915135
-3236.412240948355
-2310.924871538543
0.0
0.0
-5669.032175479215
-4197.141320833904
-2718.6096409319703
-2451.7420056169512
-2925.138915337467
0.0
-994.9789045823878
-3438.8411609277273
-2665.4571893554476
-3442.797251264804
-4452.699308421342
-4523.127925273371
-4910.558594956251
-838.5671984385037
-4218.937892133451
-2430.4667438254924
-1155.8626893685441
-1602.5834134214622
-4008.6433529934448
-1622.3519866828694
-4003.487149554001
-7316.296610555571
-1476.9530900452344
-1618.8336686743583
-2708.0843669505225
-1190.5015685218764
-40.434580612655296
-286.8036607805018
-2575.9684850026156
-2743.845135555931
-2060.206828082555
-5342.789375731362
-661.9373004125839
-5079.015234549867
-5047.132058117882
-3700.653094727989
-1684.513556609266
-3071.5742801495267
-4621.334387622825
-880.2667438403921
-2256.053640396097
-52.80199041283031
-3429.6130874261066
-3261.037664091449
-3686.522494550075
-4734.895932613093
-3712.4085007477847
-4853.996770596465
-4316.215763095672
-2326.56663169134
-4861.013388902913
-1449.8404958262943
-1315.1922657853975
-3737.755965864937
-1817.732820017814
-715.7911505832267
-1894.760285162889
-1027.22911140237
-2929.198647917359
-1943.0623796701398
-856.2903931490524
-1149.4788370326628
-268.2081626761569
-1229.2865279332811
-4967.714090856614
-69.81119198581553
-5223.141518922838
-2708.651820756717
-6701.44340407156
-6312.659532253475
-7.890919478110135
-3685.6713288415913
-3068.8873640669062
-4429.172079125312
-8160.142120628009
-1587.2213828242905
-2464.1858228184647
-1648.8511450272388
-4030.1078565706553
-4523.244390289328
0.0
-5532.061046851171
-4054.1381749690436
-3312.2076706854714
-2703.8480455060317
-2819.1067282257627
-2441.7283995253356
-5112.565739840674
-3650.667270662472
-2623.373004656745
-7.169130014815318
-3494.8273711396
-3359.4190941861707
-810.030462521855
-2488.9801464774205
-5352.361755418095
0.0
-2013.7684155657319
-2316.8473006580675
-4187.863251040364
-2487.46813217062
-4018.552258257713
-6206.245922284134
-2478.121757368584
-3038.9708291878155
-471.9526210740364
-3839.724626555786
-993.9623973180892
-5316.967752363133
-2425.6226449323563
-5140.253094390988
-2882.354482176136
-1344.6779395769595
-3237.4625817392944
-1503.8543564678675
-4945.424145037264
-7622.527596096791
-4040.2436867275674
-689.000550225831
-3029.9450973356056
-2903.276702843042
-1866.2437522091566
-2123.9936065639636
-2194.603285683716
-2359.736969115005
-3550.3429968585515
-4011.798987010731
-2473.311562577978
-5209.018130725482
-4989.6194436198875
-4980.565258974761
-4749.604146783883
-2459.3641149185787
-5134.150832472669
-4005.626727024215
-4576.799905225798
-3469.315802258713
-1650.101828418426
-837.5340432866828
-1069.1877705598051
-5408.847468207879
-1889.0993695500424
-1114.5909412775873
-3145.4283419305966
-2165.343046561592
-3659.6265511415672
-1739.825537500775
-3514.520297689572
-1902.9253845844935
-3906.2246250011003
-10710.385761756643
-3694.931262865046
0.0
-2604.1339128746304
-14952.158638733652
-5017.029124587696
-607.8993570063344
-48.93230487619661
-4860.238853185562
-4846.735186232961
-1894.0222564802007
-2672.339733137559
-2566.35156814182
-4918.271532506578
-2243.3217550218787
-2360.274084429551
-3596.0324963896915
-5248.670666134215
-2611.1811760645
-2956.9641920457098
-1979.302926036766
-1364.7363115729265
-5544.109416477025
-2410.6550984745936
-4298.211263015633
-2921.1066373262793
-835.3063779085976
-2552.019682032761
-2954.3788302409907
-2008.5036330021858
-1241.9154378821754
-3508.2076100546906
-946.3618471043262
-555.3674358521404
-3246.8952005138276
-3191.82065606691
-3903.5724572639083
-5416.006848733941
-2908.9422584101044
-2548.0446431261353
-3157.2732576078906
-6127.205703032187
-3246.8307608280725
-4608.593627969558
-3526.893621419753
-9975.256989322912
-8382.38472944306
-3541.0388714242645
-2176.419402591586
-1008.5127381111313
-2320.2589979588683
-3228.261092832297
-1859.1461309957404
-651.0922158572553
-3712.1398149197867
-1945.695394610622
-4381.369532942574
-4609.621873043243
-4889.365789404609
-889.524497819702
-1266.5341116269246
-8519.591230450318
-796.4575100920262
-1807.8127165142093
-3461.4113876080964
-5058.846693200857
-2786.235318478854
0.0
-1601.9851148111904
-1020.1785231442407
-2849.236509004513
-4441.176295048475
-2517.898692773741
-5266.190468005253
-4356.964967021784
-5560.857388934064
-2370.2378849984025
-4085.0739342216584
-4494.876725394145
-2684.389821033521
-5510.32538993636
-1263.4915861456934
-2396.260891327918
-4576.62449444625
-3787.139545521835
-5472.116533464571
-1183.3811645151302
-4085.620332754948
-1006.2783098107326
-3633.7236760835262
-4830.8793050316
-4029.895950008124
-4928.817046167516
-3513.124120557315
-3959.0626336396867
-4247.707425477462
-2225.810725597391
-4854.076893523827
-7693.661620776944
-4526.214923553456
-5482.7346815379615
-4330.815744495297
-2475.98293180496
-2192.046248665066
-4275.273257176528
-3850.025529540547
-4142.866934594231
-4986.431933371465
-2818.276033395218
-3678.093757789483
-5871.874888956178
-4668.0194311370715
-5133.08299733128
-1828.185910211035
-3764.0101434594458
-2253.3007014655464
-843.5732201188605
-2668.7786859874736
-7084.409979093867
-1365.2196494846291
-2976.763544105512
-5568.113021335453
-1023.0323141256051
0.0
-2434.7259517373036
-1966.64594894327
-708.8093379994592
-1668.0289406599186
-2164.455066670771
-5960.1814809391735
-3504.7584383909084
-1622.545236990185
-4190.773310265204
-4726.571280103975
-2625.0999969789696
-4843.51054683779
-7810.270530879522
-1804.3010011636609
-4091.612235059021
-3795.9260721019186
-4568.072075174147
-1069.4799686104823
-2843.3436409769074
-2305.676235414796
-3261.032921922507
-5448.666756649522
-2472.564898783239
-1039.2817673396737
-1184.241731757146
-3878.9825224833235
-3834.3755344245706
-4914.815011732413
-2622.3610514093198
-1355.131166021468
-1387.3558156736567
-1341.85632414439
-1479.7532703175805
-1940.136934796126
-1653.4009769701033
-2577.055424099765
-3332.7024737632146
-2841.002444302915
-1022.761983657199
-6369.267326224062
0.0
-2350.677441425056
-47.34079477838262
-1024.2515336060865
-3003.9657348933133
-1717.079332699345
-3511.775169779726
-2760.292814931326
-2140.820397571808
-6739.54586247591
-1737.0165898798327
-7289.733953160083
0.0
-3345.385166991142
-8.15731047681681
-54.91786741244844
-2051.8109589295955
-3818.429389243389
-2038.84335208086
-4843.907802570665
-2497.948743901422
-3005.5091701253064
-3463.1521794732307
-2249.555212038373
-3666.3652568773837
-3501.020054155982
-3934.5977346218147
-3254.84148338951
-3397.2606485094084
-904.5376212451702
-5162.164552606029
-4229.667654820961
-4885.060293787766
-10271.633449440826
-99.90869026747515
-5544.085712406226
-2424.436078675768
-3016.6493760772582
-4655.481855036503
-3571.3226159982364
-3745.2100900448136
-3331.4600002473376
-5844.142455622811
-991.7826419605587
-4240.687854740135
-4861.625369256915
-3539.3475307707167
-1432.7272417123131
-1652.089569140447
-8368.731962761249
-7026.1495998153
-4261.460265713403
-3249.844553742225
-2258.0101642155714
-3977.6179172397747
-3928.792413514239
-1597.5026183107916
-9000.721335113809
-1126.154937502038
-5948.667033811623
-2884.709627444051
-5104.852745594271
-4912.0338758219905
-2863.05258066612
-3653.4710824784997
-1490.825293179297
-3346.8210743008854
-4883.477813898273
-4402.965254027161
0.0
-1834.059358605058
-2888.6947128825295
-1234.0000290081568
0.0
-1368.019694890284
-3584.5723700558456
-5260.9368331748165
-3889.4175835765022
-4458.711910116595
-347.5043000505452
-1036.1178361136215
-5146.883790253509
-1854.1035714101772
-17945.357019230036
-4775.4052182337355
-1099.2964347708887
-5173.783941158887
-1093.500202863815
-985.5666180821547
-1076.839500263984
0.0
-1199.7840932239076
-3645.4392973254453
-3746.4432206297633
-2762.881679121464
-5674.835411732377
-659.4798641193496
-4256.737982139292
-492.4724856036711
-1201.9885454646733
-3540.7198498778957
-4696.506946065373
-4745.356106915463
-5824.7744389035915
-2370.310122821336
-2680.6571423620403
-1403.406140596768
-4449.004051508294
-57.11720454535464
-3383.7368371740863
-1690.3222276586325
-5330.465411897418
-3118.7735816286627
-11081.652848455473
-5762.185023193388
-4047.071724633048
-5801.491393286161
-5179.575310883374
-2958.2468571539503
-1077.3818538778676
-1362.2977764273178
-5607.856492443698
0.0
-5008.894806799577
-3963.4337947945182
-3412.979763092691
-3230.4195431091584
-1470.544193966832
-2647.3151500146814
-2486.3234235295863
-3701.4992589659896
-4110.4666962880165
-4148.326824394167
-3313.941311408739
-822.5727936424198
-5586.865941491553
-48.56598607384008
-8394.604852556464
-1922.5062875854728
-1784.1405595945484
-2330.4377675720852
-25.723402655011533
-5659.252795466376
-2157.6074860466956
-2714.38976777676
-4955.265914789395
-3220.764936445754
-4606.171229098696
-2864.7228420731367
-7311.3340598582745
-1411.8117772130192
-2914.121044134055
-1197.73779488125
-2235.2615489258287
-2667.7762358020746
-238.76659014265985
-2606.53277231634
-5245.47867952927
-2945.45485589084
-3936.9695472609133
-5569.4376987938585
-4331.4018339176055
-3486.498622384894
-5760.867331629842
0.0
-719.4215454160684
-3418.873623944101
-4607.444258870842
-41.57238557678343
-2595.717057776786
-1256.2357220862768
-703.9935000153198
-3954.1460124337373
-5410.442318811944
-2136.301465687262
-55.110938366958095
-4373.962107986904
-3021.1390699864264
-1788.5430941093443
-3815.85625911643
-2615.9807338275255
-4670.782662038861
0.0
-4781.145279807545
-3843.98303354448
0.0
-62.24965373793403
0.0
-7854.850602813529
-1840.8634080358286
-4302.231278236892
-4227.560404967209
-4647.238284976149
-1239.9870272511166
-3569.9504426724347
-1737.2485589360808
-3267.2287026277804
-4458.592090215765
-3911.146826918595
-3946.414412428135
-2542.019074472878
-2255.444325340474
-2462.621180783079
-5154.265024245051
-1668.2083120126997
-3644.786432748869
-3990.4284841438216
-2350.113655070231
-4054.1673833169025
0.0
-4739.524135580862
-2073.5136136311357
-3900.4849741275693
-1280.4854264657267
-5023.430075970043
-2434.8844761476585
-1242.989034495639
-2647.354381005884
-5530.747490896329
-2906.118462446872
-4202.432391357729
-4998.946203537603
-4498.259969586584
-5506.431838056426
-2758.306976715262
-4705.649231641362
-1829.239335565309
-2105.8913899689423
-4028.623173554341
-1457.573673066548
-2013.4838948155198
-580.9383836804802
-28.11035404359668
-3717.0518931964184
-4106.967578613522
-1086.8487168338504
-2802.8555314005994
-3126.643499924864
-1709.9051255264667
-5899.634170649401
-5650.004919139239
-922.9145351551407
-4133.155356175446
-3835.1886639832965
-4598.602165976583
-1940.138998590913
-3715.602515299975
-2757.2001032184307
-1448.7413573346207
-1925.3495244325725
-2288.3919231137334
-1029.5302555418932
-3366.339029766807
-1785.7086514363093
-1094.281506503922
-2385.6792506876764
-2366.3863617258394
-2511.649942002784
-3762.4556783882263
-5309.33434666234
-1831.0362203192599
-7150.319993078575
-5748.318888437121
-1075.1337486691928
-2703.498228836772
-919.1343053074105
-769.0320168094853
-3477.2119192421583
-5364.471808500736
-952.5488013861285
-5770.480832601454
-2745.357669417956
-344.5483846197807
-583.1271517214816
-3596.154553074388
-987.2904441672915
-902.8173218931919
-2893.5159000106764
-32149.286816364765
-3117.372135159347
-4380.485530925803
-2351.703268672199
-1315.3319757577456
-4404.993457351849
0.0
-2573.8074810853645
-2053.0194163310325
-934.9906011388441
-2491.7300717194985
-8855.304608309734
-3591.5541784629054
-4730.0153160282625
-2566.559313071207
-2819.4276512959277
-1339.0557311981947
-3034.6682472043053
-2334.8429500969232
-1352.8235190131845
-3278.6289642144948
-3079.1930715521275
-2658.7725800292214
-3760.745551912419
-3129.5051897704657
-6734.298045178488
-2521.5821321344793
-829.906632321282
0.0
-3262.6732218141356
-4572.590439114988
-6511.065032288957
-2094.944658632546
-7415.325608069893
-4291.85470913857
-1787.253355212502
-1040.799746069808
-50.06646397140413
-3175.9135953745076
-2639.5181057903287
-1496.6315709218704
-3602.9464065120155
-3187.3030377797663
-291.7322432106693
-56.02280992986967
-1526.3052094267682
-1150.8724515919312
0.0
-5199.982624751575
-4779.961815931457
-5609.517417521075
-5914.659630804493
-23.38772992823732
-1320.687548327087
-951.9494255712518
-3233.48812584818
0.0
-2650.035184753014
-1967.5245901274952
-4730.921288660695
-7360.237449496276
-1553.6297528608934
-2430.28391881863
-1164.8599823504267
-1629.1951635480796
-1621.4823141983516
-1193.2872074334407
-2650.0992142934365
-3834.859216544922
-1055.8016575589684
-5121.344293093833
-1838.128134019748
-2283.7163995918777
-1866.9705587960168
-5854.9806878312775
-4833.2777461488695
-1844.5637351178048
-4068.8227287325462
-3326.927039427109
-3404.703672006236
-10011.005859984765
-101.1004790579411
-2683.049689898301
-1298.0247077024706
-2096.538221842869
-59.69096640960723
-3542.935820252046
-822.1090834165423
-4646.846175914548
-2208.1481340406385
-2689.923761822364
-3698.3227852767272
-2791.337114196676
-4250.4002229748485
-1598.0641825482921
-3263.7358505726006
-3417.133102803135
-3458.109610910461
-53.783917996200174
0.0
-3899.148096160063
-3510.5672001809608
-2707.399119070155
-3155.892299167234
-1644.933435847699
-2561.535339753394
-4588.316542448776
-5013.950195282887
-9384.161033024167
-2038.895498332329
-3606.669947148923
-3885.8902391278834
-3016.625370856868
-1421.7223397992634
-1492.5858592282536
-5054.206360080241
-1103.8065747894532
-766.9948938749768
-7027.146803433795
-3695.2404755462594
-3813.2489405231
-1315.5523237134448
-5749.178962094374
-2069.373639627675
-1098.9336784566972
-844.4010834810967
-3370.329498597392
-1873.1312167444742
-6346.967902447896
-2552.1715439143677
-3798.7882154707
-2179.027033875198
-5107.9770324706615
-1477.0802251218806
-4715.728452310572
-3635.3509050017205
-3211.281804967137
-4087.529112485469
-3994.6083166683948
-952.1769487465164
-1345.2355551273627
-2151.855704892633
-1037.4817211671127
-6778.905459449862
-4902.863797457623
-4992.983435574073
-719.7240802663628
-2762.3948562177843
-3701.3042481595758
-2383.129112334209
-3139.4226339478246
-4613.724544787404
-4657.917635251675
-2985.083655046036
-4531.917960868334
0.0
-2111.302286141656
-4430.781416299758
-4254.794994317315
-3492.0494012834733
-14400.321877835513
-2227.5352730759305
-11.626344322435838
0.0
-1841.8660452347679
-1730.1571414718376
-1112.473705597629
-3347.5876556524977
-4968.995300208901
-2176.5085308902608
-4247.479753291453
-1213.4150080830002
-1609.474689067827
-7949.845834640812
-1319.0602176454388
-2525.829368430125
-4295.545484787042
-3804.882802736534
-4036.9136794926035
-2209.1330885675543
-1788.3950352611157
-1419.4786084694606
-5212.629362121762
-2675.290814220506
-2252.999096105401
-1820.1914592402452
-832.0973381236636
-4189.072494385164
-5098.992793729376
-1591.5191121479008
-2714.261616668271
-2273.344698411415
-11218.783187488478
-4575.070339174012
-5310.789599909694
-1610.715192855533
-4678.489474506523
-2865.317075887894
-4619.344884598308
-4161.684837480781
-1292.856342295638
-567.5233827202632
-4470.904328597519
-3103.6210773523794
-1436.0637153435841
-5460.029278174706
-2344.9831212536815
-1853.7733257017762
-4058.1855701645736
0.0
-2088.4773346018446
-1104.6558948469296
-5160.533425753941
-4399.393430715605
-3913.441861548278
-2554.277420692853
-2353.791742309494
-4956.094418099523
-2296.5973345528214
-34.43669434612956
-2895.5977929092473
-3189.4760477213426
-2792.390861274157
-2427.232315414453
-4195.72667763912
-5715.587090566795
-1079.1725155411273
-1913.4871417861782
-3213.255245109828
-882.6561712818191
-3350.9187158247305
-4679.311078466736
-4975.794173109125
-2269.3932828314487
-1934.3405059865192
-552.551850146712
-3935.789137441756
-1609.458060327409
-1566.0737963346473
-1709.6666517516876
-4195.222500783127
-2973.168834327681
-3448.126091299644
-4435.136110464111
-1499.479893881057
-2672.778307531322
0.0
-1144.1846016642257
-2537.9449048804654
-3623.8531073050394
-5812.466553651522
-2739.579611649313
-3113.791305881389
-4724.7348650154645
-4887.940401986606
-2184.529849423821
-4198.0365004216565
-2403.9259934028964
-5313.447055348918
-3552.9749379488726
-1689.69486854582
-4134.019958587259
-3847.3045043565135
-9433.360383174308
-1940.7149067264977
-4805.144924575072
-1751.7000008561952
-4983.811134550075
-539.5601211303386
-6673.341663907819
-427.83201507070686
-2228.359118460473
-1129.1333306885629
-1921.5845597662517
-4643.100312626507
-3610.8683900228357
-3734.275423688885
-1084.3834905542922
-521.7557087912611
-3422.8226951198417
-4439.211643039284
-4629.114648599543
-2729.9855623728063
-3130.405862874951
-761.5377073859487
-1495.3728756620578
