-5442.957429063844
-4251.438844890274
-4284.319418703594
-53.53800436200719
-3957.9909411267327
-4845.249593690098
-1442.5816878501294
-3736.2680092321107
-1972.1143995703123
-12952.688910778097
-3634.117313915819
-2131.415160442903
-5246.056238521268
-3957.4319915432716
-277.86548117732195
-4708.133484859042
-4079.5614787186355
-2820.670867389267
-3256.7519402271414
-2627.0680613722225
-2859.4089900487215
-2480.0052034801197
-3915.277932073241
-4328.755785993574
-1959.8454378159604
-3109.010604725194
-2791.9848878731386
0.0
-2445.9430311397405
-4294.233226556299
-469.0584060460839
-1806.6023777765756
-2531.572184594309
-1122.9577109221605
-4597.2502703053415
-2600.12895712838
-4245.97497105928
-3787.079382548298
-2962.831564769987
-67.7894680338674
-1474.6442718667925
-5302.535511031209
-69.99041145673553
-4185.0057481244885
-5535.98644301857
-7118.837165129497
-1449.3646776496773
-2427.2178270202244
-3537.4734378282146
-1635.7828156739006
-1110.2455400902027
-3913.208991607941
-2134.3277304252138
-502.9233113563056
-2749.6137448371132
-5834.005846958261
-4294.417934667724
-5196.318186063496
-909.4215616317782
-3510.37883413965
-5521.100192800701
-4961.048161592167
-2492.892935569608
-3277.6661631177335
-2287.398735153621
-5871.361530846297
-1509.1910217225459
-3250.5229319185064
-2513.5234970454703
-1998.51798218878
-2415.585216963792
-4051.8002677779864
-3211.589614722918
-1129.125704189501
-4645.169270167616
-6247.377626441685
-5392.6034346515025
-9688.888229686181
0.0
-61.35251006550603
-2344.8108578745364
-1657.3083255886213
-1136.158971633019
-3787.977294404616
-4815.963981856423
-5245.849974241818
-4121.830615888608
0.0
-5575.020616788809
-1243.6548738709146
-4384.638019219517
-1645.1116944183275
-5476.831453656107
-3446.621623644339
-5199.091265392125
-3628.5507779266723
-7969.971293938176
-5137.722006492335
-3901.158875273621
-2015.126912376344
-4210.834638190454
-2487.4720640820083
-1523.441739864984
-3989.110955071679
-618.0024322536998
-4245.681297580185
-8609.939486780899
-827.3630829039532
-2662.5305653178357
-4930.595897183727
-8339.62601211219
-2986.8061224211015
-3346.4320311556044
-4142.300889079323
-6917.213732150306
-65.64616081590793
-3811.707836554518
-4375.495455357131
-5014.898460491976
-1387.6056885651462
-2151.486439282719
-2122.211924929395
-7.1952356689112476
-6537.9277253096425
-741.041415347204
-3104.7620196874987
-4635.056081617922
-2576.4720790755687
-3032.7812182588596
-1984.6826641077805
-5742.113535243795
0.0
-4720.09026264179
-4134.9115013218025
-2517.1759487092922
-5170.164367762701
-3126.058089242935
-1799.8309590788087
-3925.373399730384
-3496.428745790748
-937.6901759997545
-5039.750477353065
-3675.607174128202
-3221.0645316956993
-1761.0182005856775
-3549.2835913130925
-2878.4982180420147
-3799.512436975773
-1782.672374080857
-2777.9738395187883
-2611.299129792374
-2576.656201353259
-2124.455723341483
-3431.599303669869
-3105.364097532737
-942.6393837850541
-4900.607563378297
-4987.702446981806
-954.5837725845967
-1338.1102623869785
-3303.469517148155
-5526.69644045416
-3252.361978137439
-3701.164076320824
-1995.888548705748
-1093.3707547562185
-5997.910746689271
-475.64304182487035
-359.4801394546704
-2865.9254422372223
-4624.012023622968
-1546.5924163678505
-3631.194762461444
-2331.226179473913
-9129.218294239821
-1839.281624733239
-5486.89412100526
-2719.486118749452
-4610.810993719114
-3762.588856112602
-1282.676290244001
-2690.553024510249
-3377.1971354663287
-668.8033305517882
-4408.40716105203
-3273.070666417898
-2164.5050609131245
-1345.7055018538558
-5197.661233736129
-5061.267570919571
-1453.4363209289486
-8302.93380547291
-3564.496950068559
0.0
-4568.320487328248
-2132.2460648854035
-2121.7385534721498
-2151.546017304643
-3235.123540247572
-3182.484359582303
-10045.129168746033
-4252.496461806847
-4996.3031227437705
-1489.6515448255407
-2831.64352386734
-1767.201278540818
-1445.1359482707715
-1971.73324556733
-5934.45313189478
0.0
-4914.046387161677
-2981.445029020027
-1281.4396633578126
-2500.77337627048
0.0
-1004.8565256848677
-3803.474969777366
-2850.56302242021
-443.11076717037486
-2911.485000109934
-2023.4703847133544
-1629.439028031049
-4823.672416167697
-2994.354991326804
-2805.206842458965
-4395.204527316714
-4184.250401281899
-2733.1764584214293
-4417.58766687185
-874.6578201837572
-2767.1704146190123
-3240.9658739881816
-825.4989171611994
-2019.3151824467966
-3512.5636960469433
-2482.511854389949
0.0
0.0
-5882.743590140688
-4274.602232393382
-2797.89659301662
-2624.1131767638813
-3019.1630324009725
0.0
-1073.1896699635295
-3535.2411880608743
-2928.6166665422074
-3613.3142137028794
-4581.773679846537
-4539.61859255443
-5208.909401667544
-920.4938300961556
-4558.51777949674
-2559.3975537910987
-1193.9893831674028
-1633.7038146823984
-4213.044318919194
-1760.6629033599543
-4224.327924501423
-7380.1229747614225
-1502.156968692414
-1658.8354410548218
-2904.093001397454
-1240.5846871315473
-43.64916521105155
-314.3454867570417
-2815.513334842796
-2873.8133103585737
-2123.067572821588
-5536.4214773596805
-689.7960087040615
-5261.6607899384735
-5317.6608017303615
-3831.9276477377025
-1770.458152172538
-3145.7562205220124
-4861.073755737009
-905.6571858478711
-2355.8252084359897
-53.583195483245106
-3624.851980256261
-3356.8965172083235
-3830.097118472919
-4984.208323969502
-3847.970129562288
-4994.066936286993
-4425.856700737213
-2325.9774365065937
-4994.529873904428
-1507.7439080241982
-1332.517603006905
-3814.747364365723
-1865.8612462213941
-728.8420894608801
-2004.288565541436
-1032.6990725527746
-2976.5861745628326
-2021.1544952682384
-874.3047250919204
-1164.2373373478538
-279.07612684573934
-1264.572644372033
-5148.164233584572
-68.82007713203092
-5390.627936428369
-2785.1765678355036
-6912.184737535483
-6448.594763174746
-8.153264970964864
-3801.4391460646393
-3183.554715939411
-4651.59973441131
-8391.094886414565
-1620.4806374774557
-2558.448350977943
-1765.3972757497697
-4097.249184541711
-4760.730277530572
0.0
-5726.723219476033
-4406.5798134824245
-3415.5258489072457
-2792.122232372462
-3056.9936211807076
-2521.985891002617
-5353.942884566683
-3969.9168432189604
-2688.009309412134
-7.1952356689112476
-3629.5242852239185
-3505.6440593667053
-842.4471135268735
-2710.8837558539276
-5583.601339160018
0.0
-2226.778430124945
-2450.369643208176
-4382.543020615109
-2591.9419760422775
-4199.693445475862
-6340.1961762835945
-2520.114433902729
-3163.726612206481
-568.2029890460416
-4117.536672677775
-1033.5060914495377
-5638.579847772582
-2726.2130314601905
-5525.148917985581
-2977.141999109472
-1401.9307655305913
-3350.776160952397
-1572.2546570077282
-5171.620825431903
-7913.7856341416045
-4194.718688866508
-717.9481470686304
-3126.08337380195
-3020.0287268738875
-1922.3135809478424
-2226.2621496968154
-2426.982633291771
-2452.2880429297065
-3678.222332344846
-4086.8313932415977
-2626.738376435565
-5367.762525021138
-5182.8271870202425
-5268.811779056867
-4840.811012671281
-2651.827924833154
-5362.940037127618
-4090.4229175365867
-4845.340990641666
-3525.4941296961165
-1715.853726581238
-888.1999240533074
-1120.076976579166
-5426.612445303961
-1936.00719626747
-1248.1266008768764
-3409.7708879504653
-2287.5023996119057
-4008.1146848456215
-1776.893724197556
-3600.946624045115
-1951.1772036767634
-4120.0380930340525
-10884.913788252245
-3790.7512582555905
0.0
-2858.8779104969444
-15336.868076222874
-5187.804299534194
-634.7013071574073
-50.39223219012236
-5165.166087003264
-5262.322455445344
-1948.8553774691575
-2840.8712272834027
-2777.1614905781257
-5183.296813460278
-2521.5916397722754
-2446.161674634636
-3776.8576189015703
-5654.881889517369
-2731.017783594311
-3022.1324270363543
-2113.04928105347
-1406.621149970005
-5809.017130341988
-2604.310381208549
-4412.690683537689
-3076.4880999307725
-860.2689596542695
-2637.2402192208665
-3033.4401483837983
-2171.623564295012
-1300.469776118126
-3622.2698165231773
-1078.8184504102626
-600.7071489233475
-3411.3367369524185
-3415.6138722908313
-4265.164612669536
-5747.609488484907
-3017.3969402360744
-2686.1521140637174
-3244.8349491768986
-6304.9027404079925
-3314.942804988738
-4666.6584942416885
-3681.419061751189
-10692.571911054993
-8354.43317110769
-3574.337254362104
-2450.604343609953
-1030.8666499343033
-2400.9514514165257
-3577.330387000119
-1937.1117441962313
-698.6607102758477
-4065.8749514898363
-2039.1426457423122
-4502.393228889144
-4666.462775298063
-5057.104859997272
-918.4250214154292
-1325.3542567023069
-8855.51142817086
-809.5812253042167
-1856.6859389030842
-3776.933441899613
-5175.440340689951
-2810.4824638207087
0.0
-1682.7654898012895
-1036.0406232971582
-3145.652585750564
-4871.92033950381
-2736.1123622864648
-5569.23133916127
-4427.859337641003
-5741.950537245613
-2417.945045800778
-4268.375155537766
-4718.096335080935
-2746.6225856982874
-5555.5036758923625
-1324.2355803623177
-2417.1391119034106
-4790.851898992357
-3893.805273945799
-5664.46500185005
-1222.704476668513
-4144.589988506585
-1012.0164193065059
-3716.123878596689
-5004.693113264506
-4349.144150146498
-5296.7221926320435
-3779.9232989459374
-4271.69401637884
-4558.959242050872
-2479.345787847072
-5046.686852296956
-7655.931179639135
-4722.341267482125
-5774.114562629511
-4397.918954825712
-2625.319163539356
-2376.346712269618
-4327.855690978024
-3960.2247740747684
-4249.44922030553
-5036.135673249001
-2907.198730370231
-3922.3433191515464
-6303.523828030185
-4792.935409728103
-5548.476767565217
-1858.1912555236122
-3954.466524327825
-2455.1384260170075
-866.6671193725755
-2824.7352275840317
-7388.618922667054
-1426.5316203218606
-3202.159050277428
-5725.44991912735
-1076.3315709019978
0.0
-2733.7889979145184
-2002.3409757290583
-739.8596115526101
-1759.0933801412164
-2301.0444881422295
-6349.417113181833
-3602.0930415961134
-1615.9196270366285
-4218.198723393203
-5078.05789354941
-2790.6658109357936
-5042.359255689805
-7961.496296585714
-2094.9993042334495
-4083.4399014938094
-4080.174942384785
-4645.40139033055
-1115.5735124103455
-3049.3991458274636
-2589.7726424435773
-3408.9456547140967
-5684.889699003745
-2571.2859908998844
-1066.1275629814984
-1304.9177816284023
-4234.729073666598
-4005.9708620456945
-5151.1121439667395
-2648.7662309829593
-1431.992232535859
-1471.7656448751131
-1357.5645466971437
-1486.600928307308
-2142.997675461017
-1695.7715130923536
-2732.2917106012583
-3732.7690944104224
-2926.6189880325073
-1090.4169943469387
-6439.496832382819
0.0
-2487.0170581056345
-46.89185346838974
-1066.0525014923473
-3119.0355704620774
-1789.2515462381607
-3895.2257137771476
-2852.7305725687743
-2328.500420005169
-6800.402220210494
-1872.8423065980983
-7376.565480471114
0.0
-3400.489211663715
-7.9589096470710485
-57.720721959964926
-2239.903827773613
-3906.427966602582
-2114.3260087872104
-4961.006967904511
-2615.6161255110255
-3154.1855260675425
-3615.7206785386265
-2487.429383564609
-3710.6135170333796
-3576.5571969117746
-4175.660950266402
-3533.8760626760413
-3457.8549304864196
-940.1840398691187
-5508.403091601138
-4499.57520056437
-5027.661259198183
-10576.751841781892
-96.62087543776154
-5616.252388541225
-2523.424657984062
-3135.249719139854
-4915.80708399255
-3673.998717874551
-3843.3922404476803
-3502.320988570467
-6047.303255932096
-1094.9881687144177
-4353.900315367977
-4990.624062374091
-3621.3545789736513
-1546.6615501162241
-1684.865618831734
-8485.095621600703
-7279.622311167605
-4388.98751274342
-3391.853348761762
-2359.6065515967966
-4019.0939825103396
-4040.7276063922673
-1676.3656626551626
-9232.145092361214
-1216.3694047740103
-6238.007910191631
-2990.1885317800356
-5319.561743640883
-5123.279829960265
-2999.6783845128734
-3936.8493363784905
-1515.5238508885586
-3676.027887628286
-5184.255805178795
-4739.259148083706
0.0
-1936.1098670775573
-3010.1029210189126
-1265.0920604631733
0.0
-1420.686710465554
-3732.0232279082406
-5557.950127041079
-4054.895367868779
-4618.435319462649
-348.2129774592659
-1080.0466346647338
-5577.023459297891
-2091.600333548507
-18407.98980279083
-4984.163152553706
-1173.7959236360175
-5436.734577253877
-1117.1129532341238
-1014.5142660556849
-1133.5482006991472
0.0
-1313.0697225107647
-3825.8126428803334
-3885.6431280765682
-2842.1591502427236
-5766.284672657546
-685.4468535765064
-4342.426335163087
-515.5462729495604
-1313.8171546967149
-3636.4575741571743
-4874.729664111679
-4878.338384562697
-5970.639804369869
-2501.302338795034
-2827.776080016332
-1442.1386975196015
-4555.8137548909
-59.041638160173605
-3466.6278813618496
-1773.6050532041936
-5569.086301344654
-3325.827228974421
-11239.174351499772
-5842.970929854254
-4290.10311806327
-5998.545366533979
-5408.991839011535
-3040.0109520170195
-1169.7233405338468
-1426.388155125584
-5936.453047443761
0.0
-5314.447729895559
-4268.105820597767
-3615.980865765923
-3612.1597652319015
-1550.4890080924677
-2735.7950137700605
-2745.504019070624
-3882.653319233677
-4302.03877198246
-4323.324909703966
-3537.551909994952
-882.3963603159089
-5946.086958036189
-48.664854463910395
-8622.529317208073
-2023.3848054637415
-1879.6612197791976
-2447.308459416212
-25.961144849403475
-5898.620989332993
-2224.4009295820706
-2811.3225119562894
-5153.347383786369
-3279.6129940861006
-4739.071805083105
-3059.8805974869824
-7376.38724048755
-1540.909717406811
-3041.893193084605
-1285.861479831655
-2322.3177985464667
-2870.1681664716893
-248.36344214240086
-2739.8419261164686
-5468.357319783304
-3011.6890252436956
-4080.9896909034137
-5795.313420432496
-4549.565818062081
-3578.014682285094
-5981.681483023324
0.0
-749.3092182008912
-3594.9998361848393
-4872.8587102792135
-47.358066900827566
-2639.5648560211466
-1322.0526502189311
-732.3443329740202
-3996.2962080108705
-5476.331667628269
-2324.912326882968
-55.39579539384844
-4591.461710544924
-3112.6936501477285
-1978.2817646221522
-3879.30492982344
-2707.290846179181
-4805.003419431782
0.0
-4786.07640382222
-3929.439726059565
0.0
-63.59677039844913
0.0
-8111.0463308172975
-1911.9915274105379
-4627.946850265532
-4517.404967464994
-4849.256547108719
-1358.7344415629636
-3627.2785507318313
-1841.9667663460766
-3392.066780375017
-4837.642089919324
-4096.411200337344
-4100.230385616211
-2608.401521241927
-2311.970576002958
-2600.197827761843
-5400.314320317127
-1751.3308602222428
-3767.707390695097
-4135.396191526196
-2457.271289860602
-4258.273102317981
0.0
-4987.373088136606
-2174.3925826653763
-3988.019383783865
-1345.810868929488
-5089.807779838483
-2515.0045162705446
-1329.795726785172
-2796.274284437893
-5726.348169567865
-2957.172780438206
-4411.56828728325
-5119.7681187531225
-4740.610543691752
-5606.771019240295
-2899.8997329410895
-4888.872814358853
-1857.897648499481
-2204.4403068354345
-4196.545353359704
-1472.674388932441
-2257.581178762699
-606.8010089311061
-29.823400158069447
-3818.9850092664906
-4232.0959355188315
-1147.9114563580238
-3002.4772930608538
-3207.7209526249485
-1833.006895361788
-5959.6836909285485
-5834.509339297204
-1023.2413071297061
-4453.662897924778
-3960.740083350693
-4717.9727634283145
-2052.2182577169306
-3837.293851206179
-2864.1695824350527
-1538.1276804174106
-2092.764312839538
-2450.14265499982
-1124.2354696811037
-3467.6701540633717
-1886.999248502304
-1140.563985117153
-2433.8599126993113
-2379.1176372209675
-2604.5170263469936
-3820.5074328690175
-5533.735147895083
-1954.6994638024232
-7251.5452503049455
-5953.570523975654
-1109.3747450145647
-2949.2655820015334
-958.2152654573995
-787.9544132008473
-3621.7967744949306
-5598.1865755287645
-990.52107100521
-6109.862424937824
-2834.2941087706777
-352.3781610545618
-595.4343306989848
-3733.045380193832
-1035.6939880548955
-937.0774195678766
-3174.7013840923
-33033.096277368946
-3252.1594020341818
-4552.527782382657
-2468.0483724191936
-1326.5019201744428
-4626.604974126496
0.0
-2714.720992415774
-2171.6223634767653
-997.9742368064997
-2599.916390943146
-8839.95699935418
-3943.1805583773757
-5111.669911989659
-2710.969146724287
-2926.4723347762515
-1395.6151357945737
-3112.118812876018
-2580.2955709339567
-1373.1169572279139
-3633.219799345117
-3119.3882741148686
-2723.7033012233583
-3843.1504599502223
-3251.092450079928
-7055.339493849012
-2755.8364094681497
-911.1196104148773
0.0
-3473.5374628750783
-4684.293839506732
-6597.443889834256
-2184.390806703718
-7685.418746890156
-4607.914830032581
-1840.716029146124
-1120.6604184300204
-50.761408767452465
-3190.304528395908
-2752.54626852004
-1554.3559716422094
-3806.5237541441033
-3281.2434308222596
-312.5822576756572
-57.209486221828854
-1553.1315532383132
-1180.3953501381309
0.0
-5421.41674420902
-4873.660496678318
-6006.203708026199
-6119.386289586962
-26.467030293644378
-1356.7001731155324
-979.2333540147787
-3290.5679519244645
0.0
-2877.955879798634
-1980.2955456749226
-4981.309150600057
-7475.15347799187
-1620.0579771884604
-2648.142467339726
-1239.4095781077954
-1767.7549192316503
-1714.0828399409265
-1223.399229388808
-2708.412995449244
-4028.2830972741235
-1093.8834442660036
-5194.477612636345
-1860.660166931306
-2447.0099573229672
-1959.9214008308315
-6106.02984647258
-5039.6395431255305
-1945.090793441584
-4280.256845866221
-3449.267126320341
-3470.030816586346
-10048.801750274803
-102.44240697160708
-2796.083550568782
-1388.948781681855
-2176.6188563030178
-61.643055492346335
-3662.8564727484595
-852.4637903040519
-4816.327310763354
-2257.00854635549
-3019.0233192520377
-3917.1202718518753
-2879.2661873235415
-4354.152700626466
-1666.6135400250796
-3339.218696760676
-3690.879647269244
-3525.228679217657
-55.402560649379566
0.0
-3941.102373301066
-3842.401710579087
-2863.1408534528564
-3197.655118361255
-1818.8360080130517
-2600.405184591465
-4796.387748820487
-5188.938901900267
-9691.145938206166
-2261.017362544642
-3821.368681010988
-4250.131827459958
-3170.2362938340098
-1464.0383930768267
-1494.1602737604476
-5380.825254394298
-1159.3714918319124
-770.8888669104741
-7124.874420270463
-3891.6564731901567
-4056.3146851312163
-1354.8173463801984
-5981.243896333739
-2135.389471989876
-1151.6648096534902
-874.4607754191832
-3557.1606896250696
-2014.476535144057
-6476.461822809629
-2822.647517826262
-4047.512190689095
-2282.8525659415154
-5350.816624005628
-1534.6334197759936
-4861.668356434961
-3813.3459799768784
-3322.4771552987727
-4221.190909112409
-4151.399443840835
-1031.602885374102
-1522.0346661504832
-2382.8429261922743
-1050.7001454779609
-6942.386904139933
-5259.553084990292
-5127.232108501322
-728.2629101044197
-2782.1261723996654
-3887.393099613498
-2458.0915467624823
-3255.167357905604
-4673.813094436101
-4998.537784317332
-3114.6018034873828
-4714.532578185679
0.0
-2153.8184314695422
-4485.133195821819
-4458.75656354581
-3571.311702961019
-14690.637651271776
-2380.94006358408
-11.611078498123913
0.0
-2048.5620197742855
-1764.9808815988426
-1140.527270473475
-3431.5019881749067
-5182.226245779049
-2248.3035978491284
-4523.807449694331
-1213.586136275688
-1664.7117648842561
-8201.894356717869
-1392.6113670958107
-2683.1745451420666
-4415.455233594951
-4090.864791009147
-4150.609431161946
-2317.437421727226
-1839.5632883807657
-1609.6652816262688
-5386.469625258056
-2686.5759504354537
-2375.445853257077
-1903.2749082244075
-885.1867611414663
-4345.930747452454
-5493.750557556028
-1704.5960924583944
-2796.0822212344297
-2472.2608535230283
-11388.763786637974
-4791.618473346192
-5426.013492810015
-1637.4156837172818
-4803.324733391727
-2922.6510208371465
-4730.664198730094
-4324.145965699381
-1381.3512492588984
-593.5519132546109
-4546.684224981676
-3186.517073236135
-1533.7431467896577
-5875.993085890524
-2414.24409465231
-2007.145496612739
-4223.636269361222
0.0
-2142.0806616008213
-1206.8069503217023
-5309.15165007824
-4510.939515266523
-4157.087218144079
-2683.9878428569964
-2444.806238632189
-5159.386070786194
-2392.7438485644593
-38.4826693489001
-3112.846818351787
-3291.497356339501
-3002.2275142191957
-2610.6795640790324
-4347.7780105150805
-5948.093463176719
-1131.5993386498405
-2023.1754583588886
-3504.6010066583913
-907.5336173172145
-3614.8206115230682
-4796.347864819848
-4997.143691403133
-2550.6981283188775
-2093.749070078876
-559.187407323465
-4140.658510007947
-1700.5839896709588
-1637.491832594756
-1802.4559190887348
-4320.64665743305
-3050.230460663506
-3666.175694446509
-4704.655328006801
-1519.7123507189617
-2846.2392171693064
0.0
-1206.8312265939715
-2690.594071317232
-3810.4158592157964
-6029.009331221215
-2869.3679566133887
-3187.663120043917
-4877.829259695368
-5220.975539696557
-2264.2503773147805
-4424.9471691614
-2526.8411115353006
-5564.683825304184
-3676.631737771448
-1823.7143270303297
-4342.862484427058
-3913.839555271417
-9524.240668824836
-2040.028182569171
-5025.5557347282975
-1786.920768523558
-5192.040420926256
-539.0058536172866
-6837.655048552752
-489.31080954903825
-2314.849231200455
-1181.3986874844543
-1980.7250182737105
-4751.156670078803
-3852.1467921020676
-4087.6004763281617
-1117.0665979624275
-556.007857465821
-3722.6331581199306
-4598.840099508277
-4690.480701296998
-2859.1293357277937
-3182.132892325087
-797.0461805161076
-1545.04253049917
