-5330.536854386742
-4169.954015033673
-4232.173756640512
-54.063273003319125
-3943.9242270718646
-4449.942208927908
-1422.3151968847421
-3663.5872530438583
-1968.3274261035483
-12798.96546695149
-3592.117130585386
-2017.0014150083223
-5181.6074000742565
-3915.7351531408517
-272.1857884162915
-4630.960525083002
-3612.6154458186984
-2706.852722531615
-3224.9717439307296
-2586.8139914186913
-2764.558897110922
-2331.874688192884
-3817.134866634405
-4294.811008562638
-1978.4131848245434
-3027.922416985059
-2774.6789735175153
0.0
-2434.941503946994
-3980.7993731983215
-463.8915428749298
-1845.9457683667906
-2496.097133307409
-1133.2048452904055
-4498.453195571339
-2576.7830170931247
-4194.530203839862
-3855.4264206013004
-2804.1931242050578
-66.71991845059732
-1477.7205735915347
-5228.081869929474
-67.86786492314151
-4135.979858182237
-5224.087591424461
-6998.09982992196
-1331.5020095888797
-2413.812677912451
-3452.705440720402
-1613.0154582131029
-1105.1651326489616
-3457.9304540488874
-2063.840891280149
-493.04838758557673
-2762.1663678405457
-5487.186154360792
-4297.072021081055
-5123.235727481086
-909.5815886112659
-3548.9564194611626
-5563.165577642865
-4955.690883542417
-2391.8362281656723
-3148.5046459970986
-2245.522053584052
-5783.624075591664
-1458.4513718794058
-3224.539250563021
-2478.037964510795
-1945.954484385478
-2362.131843457025
-4074.89789965729
-2787.213591933832
-1066.4939297463116
-4634.127284607365
-6144.540215466566
-5336.943533579486
-9462.712763990748
0.0
-61.479614873115835
-2347.3736972295183
-1637.2580011114612
-1113.0415404375594
-3746.07060013044
-4329.017662449598
-5158.509608234702
-4092.934510783789
0.0
-5540.07993667246
-1263.4485498837832
-4367.7575887918665
-1588.7547109497946
-5328.2507500317315
-3401.632482721667
-5135.7240124932505
-3174.599246001959
-7890.3253291399915
-4944.775013011028
-3873.513789515635
-1916.7493603892508
-4169.397916374936
-2357.0331157062574
-1495.1207476285838
-3918.5448423795365
-606.2593575619868
-3864.430243021237
-8573.69125088427
-822.5737034871318
-2656.1303014398472
-4925.445275810767
-8277.09706282054
-2985.3610746106806
-3392.6111881478064
-3812.361849292133
-6766.894642725683
-67.60695765304823
-3730.806502984331
-3962.453205662666
-4871.734642309212
-1285.604700836615
-2110.0215061057634
-2070.2210235284147
-7.063179664545899
-6389.857144192236
-720.5956201478281
-3084.158734789688
-4328.249719216456
-2526.855836657184
-2950.9260669581454
-1940.569918300759
-5699.946114159087
0.0
-4628.957374641753
-3667.966507934166
-2440.672235156273
-5124.465282322255
-3090.139905041735
-1784.852625706314
-3803.236274347917
-3415.328788209401
-913.5840086437428
-4903.847058190035
-3631.6880745809244
-3162.5032008394464
-1698.6651331173982
-3525.881176537653
-2817.2414744764937
-3508.8087934966616
-1723.8102550816727
-2698.5627935909574
-2553.0383511121204
-2554.1627889441334
-2058.2788178108917
-3332.303782155769
-3023.5298530591335
-923.4434240592014
-4823.254953852643
-4958.672932311111
-949.6941347971418
-1341.9004858925769
-3269.162165905706
-5400.118723601522
-3198.896608641008
-3689.1236000496506
-1983.8177215169553
-1085.5088085923173
-5839.7878695857
-461.60776861789157
-361.61278832360057
-2813.6475062668314
-4474.284231719035
-1544.1017111084102
-3277.2477407295264
-2286.4116247104535
-8965.50429769367
-1784.4564240408624
-5180.005467364957
-2697.794698901669
-4578.625519508656
-3798.5915683233134
-1275.6874945374404
-2644.3328344708443
-3287.4737991978054
-656.1331156995956
-4286.130445081297
-3209.21013060488
-2192.093367184267
-1327.797826631893
-5150.290322796898
-5077.91206495106
-1387.6986623128942
-8125.206753004011
-3484.7235070844413
0.0
-4572.439334560326
-2086.7138527236225
-2148.825030230358
-2040.5020051087308
-3207.1003200397504
-3071.2754629282877
-9851.605878828113
-4208.357226142701
-4909.9088946596485
-1471.9013450099073
-2767.7439751657093
-1759.5813952036283
-1428.372029356701
-1988.6426119807174
-5885.262565243431
0.0
-4801.91961228746
-3049.44891646317
-1259.6986283190695
-2476.1767625988095
0.0
-1001.8571568205193
-3746.301441443981
-2818.0152090826496
-443.8539573106611
-2856.4821760195714
-1973.0786273369254
-1598.739008398628
-4618.908703969424
-2902.953110841862
-2878.7812125041987
-4378.657705045963
-4150.918812268344
-2674.865488688444
-4059.844324746859
-863.7897284040098
-2689.295858778527
-3244.476468099368
-806.5050039285264
-1964.238651331054
-3367.049774695712
-2426.403405281247
0.0
0.0
-5623.68691408477
-4232.841657804874
-2724.538103188803
-2575.23179503199
-2972.346426495322
0.0
-1038.915289048518
-3547.0267401595556
-2885.623426851907
-3492.920970284241
-4553.425238416151
-4544.5878991980735
-5007.208727447401
-897.0144703683343
-4479.757913287032
-2512.5693690925546
-1180.2177848224649
-1641.2296774166296
-3955.7431031704245
-1758.309357685104
-4156.360061026266
-7307.06484709624
-1513.1131961949068
-1620.235815247976
-2882.027329375971
-1188.5807275741795
-41.297716344799454
-307.4880937979108
-2855.3414227664557
-2859.2649935887234
-2029.1218377217938
-5430.06096406983
-688.2711071807398
-5123.76346679025
-5178.157252567023
-3853.633544671808
-1725.0431176701798
-3089.8971485153365
-4733.105588989133
-897.534146138439
-2249.620488955801
-53.089157919213534
-3558.0015730520017
-3318.188236258725
-3772.1116365380017
-4871.37141826887
-3827.5109968217735
-4822.4842922034595
-4349.53968692295
-2314.1051345274736
-4929.836189362689
-1488.1689417390655
-1306.3569375566854
-3779.9727445426997
-1853.7779054817945
-723.7057942560236
-1879.6208294903868
-1041.6087991553718
-2934.155779525443
-2001.0512012223232
-873.4736024101138
-1162.2566402713403
-274.68538416736476
-1242.7994875463733
-5085.043086399168
-69.19472876022829
-5169.107441771581
-2769.9566777006025
-6749.092293727139
-6434.404201033713
-8.058786962828076
-3720.001281034239
-3116.1145886973304
-4542.663110235117
-8345.260489394052
-1594.5721179975828
-2550.5871222122787
-1711.419194628341
-4063.3691592229766
-4614.198433139427
0.0
-5495.506656546566
-3948.2771185311394
-3326.376181993086
-2744.521081346107
-2999.7325112345334
-2401.643945298644
-5165.708696949328
-3521.066091545169
-2659.0814188149175
-7.063179664545899
-3652.6456779912737
-3494.8036111085567
-836.3861252295176
-2653.457973113044
-5530.154492298665
0.0
-2160.2114774081165
-2371.004554723214
-4200.381678791671
-2669.989000880082
-4219.763358606147
-6343.819203742759
-2498.8372483320622
-3029.4874132157993
-552.7242387428381
-3740.634037074418
-1013.5749850697066
-5301.267888054238
-2664.180461228334
-5145.129842460994
-2899.6608680974896
-1388.7611704566639
-3309.3033314162208
-1525.3352096914962
-5085.069926837911
-7764.359067822458
-4236.538938160361
-698.8210197698646
-3053.121025830736
-2920.1594561029387
-1897.478610702665
-2176.710377956885
-2351.7698661565632
-2426.1138414820043
-3642.2837321963507
-4054.5248355685258
-2579.0901495099915
-5257.90738281526
-5130.167697063799
-5130.870238826259
-4814.96385526154
-2562.357257755482
-5297.486098647061
-4069.1481953731786
-4664.88717816142
-3507.8779129833065
-1664.023792155863
-839.817753774366
-1104.9589683581141
-5429.022003093309
-1917.2391324375078
-1188.8992405667145
-3438.7506994871314
-2248.196484498223
-3573.4020947978215
-1752.0108878099152
-3563.0878412854854
-1928.0380943178084
-4054.3216185194915
-10759.428083958383
-3678.56409290888
0.0
-2790.485407750819
-15225.230971562478
-5129.710966768397
-622.1855585580734
-50.395227749097955
-4808.171393243018
-4852.594904435372
-1883.822360888157
-2762.5812588100853
-2781.066173158843
-4861.350960178804
-2454.4843556189985
-2426.6606832136663
-3780.769248956435
-5087.672683381361
-2623.3015293654344
-2982.0416707591503
-2068.9246684424165
-1366.265075981453
-5472.684678563294
-2506.650847908465
-4332.614117647951
-3038.423999545916
-827.7157741823664
-2565.5156592088247
-2915.7051962447795
-2102.875584823045
-1268.9381457280974
-3590.614890160747
-978.8157311695754
-599.4984168237622
-3338.7640343800763
-3351.2371128907766
-3825.883895384861
-5388.4479284888885
-2955.1156661014597
-2609.6861880116994
-3205.3859667521697
-6283.160997312972
-3324.847358690136
-4639.382549732253
-3575.063123703533
-10356.601102136618
-8304.522118639637
-3585.6486955193054
-2474.567889130748
-1025.5533964914341
-2387.050568413649
-3132.9009793735413
-1931.158151308604
-689.117888388924
-3563.3082317051712
-1992.694887392471
-4514.636275330692
-4609.985981551757
-4970.484308878229
-902.0471634713207
-1334.7029568069001
-8865.47435856604
-794.5030118842176
-1833.643671596555
-3392.204226810899
-5134.781600570317
-2798.639555644898
0.0
-1595.1748011784794
-1012.0698740717468
-3027.8641987038845
-4558.218828917873
-2692.2865123442675
-5416.760925947454
-4392.225460822335
-5643.57378438947
-2352.7315545117467
-4146.147611579887
-4621.993273872065
-2664.648097484542
-5576.413827178455
-1312.1462652825137
-2403.917374716685
-4655.342233170384
-3920.078530109694
-5569.974701408668
-1213.7946008586694
-4126.674343803246
-999.7979899210245
-3650.231875371037
-4912.116301960229
-4120.725089334704
-4942.381615966168
-3699.053160653571
-3844.7500589136475
-4151.54747495141
-2409.6416112648094
-4957.438943542279
-7702.101375050028
-4659.1472500353
-5524.543336109103
-4364.227762529154
-2613.932888835105
-2355.79330356542
-4300.922957241028
-3884.034138264214
-4155.725967507153
-5034.49502536336
-2887.209336196374
-3834.117618361127
-5978.068844925324
-4703.369251417124
-5130.6501051530695
-1805.7854025746333
-3956.685851926145
-2506.278860970384
-857.1214152047547
-2726.6236446730136
-7010.1611488531325
-1410.3786389543118
-3130.688249635327
-5647.370700247539
-1053.9639978870987
0.0
-2651.4735915814604
-1960.2837549598044
-731.583963760951
-1674.8270509425424
-2195.2437035540174
-5927.937055264072
-3569.383226787293
-1607.185188147906
-4190.053454033378
-4856.050656064565
-2721.783966694015
-4946.058878110013
-7924.001844115057
-2129.776874965756
-4068.597190564906
-3730.1972562789874
-4654.844643341367
-1085.6453530514054
-2944.4829594103926
-2507.0094698547186
-3360.280524713215
-5564.617098004849
-2476.719942275028
-1048.897151249499
-1300.7932717514548
-3956.513691132562
-3873.4606863804233
-5078.669139268686
-2613.3965972319243
-1426.5109266667364
-1476.5212857321042
-1335.274500603896
-1497.1838040126681
-2157.836588919032
-1671.688667299413
-2693.245521976715
-3446.5367617988913
-2853.808419447372
-1068.2909988467425
-6506.380992033025
0.0
-2446.973661045614
-46.35480449328698
-1040.1510776106124
-3021.0460852192073
-1712.583355862398
-3724.2978727215323
-2766.9475946050866
-2278.4744094880507
-6727.523869330314
-1807.9656997229888
-7380.791421961448
0.0
-3330.2904789484123
-8.100049783602312
-55.12266425696319
-2261.6601891445675
-3881.1041502508237
-2048.4258105485746
-4898.752216251444
-2540.3127590205213
-3098.1922877060806
-3458.1184381002677
-2402.7753513431376
-3687.5079880045732
-3472.472662790979
-4121.497225843664
-3454.3039891602502
-3337.6160065833574
-909.0185736914457
-5119.457687426849
-4365.091148301531
-5057.189346582461
-10497.53670957244
-95.18113051476365
-5564.690407191586
-2491.709305343807
-3069.906725501701
-4586.774115647228
-3576.1954456853596
-3863.0159204300617
-3505.849192560388
-5940.15064444826
-1029.5890685349364
-4280.657626968544
-4799.15748113864
-3587.114879650798
-1480.8296337873985
-1689.6552806411642
-8390.100610217349
-7116.070116525308
-4313.9078255393315
-3371.164770620549
-2294.6452772085136
-3998.127963100664
-3971.2267900169163
-1647.0595736389648
-9172.141727087124
-1184.0756176417055
-5887.98916263508
-2975.9217381202693
-5096.0073617648695
-4999.26085395984
-2970.1194998077726
-3547.940980359009
-1491.8808766841225
-3219.389603236458
-4762.610454962733
-4524.482760405894
0.0
-1917.6913228567207
-2890.4622173369344
-1252.8674507071344
0.0
-1407.0402706525704
-3730.6782200645775
-5368.288186192404
-4077.387170794741
-4657.925109733052
-344.8038475216503
-1055.5166471577568
-5177.085984043965
-2050.55360173972
-18319.238010073936
-4945.281190152825
-1142.5008205349354
-5390.980301594832
-1100.6125872357293
-993.1299384693343
-1129.0102196150053
0.0
-1254.0969057917464
-3739.529480391831
-3764.57079389926
-2705.4523544649464
-5705.327353556631
-659.8517721476462
-4324.5123060526175
-515.2376667734252
-1255.7498843042963
-3607.804473700428
-4767.5613413633655
-4763.587461100142
-5953.2598573615
-2429.580897591802
-2830.2730385735563
-1453.9471890227287
-4540.014696001364
-58.19870252750434
-3372.066742554553
-1725.673409889277
-5551.646807042078
-3243.688194106661
-11041.281942923772
-5811.052798453803
-4191.985462692581
-5852.915402919059
-5224.98222337074
-2970.533976563065
-1118.9197855787033
-1368.200514399547
-5618.363707443473
0.0
-4919.425266338143
-3859.4708384112964
-3546.2498786625038
-3320.295032857708
-1518.8717743341626
-2725.3205643726837
-2680.7880010659974
-3890.316677348416
-4233.102640329472
-4343.86111362947
-3448.076932763745
-885.3777715112662
-5712.231672640519
-46.71020611715832
-8542.795133515283
-1972.61925160528
-1882.5295272245141
-2414.815800513239
-25.72576528919493
-5618.790337487981
-2160.517312395212
-2781.183691003681
-5047.668420652521
-3273.236262182904
-4675.779171275708
-3090.8910507670553
-7289.6898252612755
-1490.7990015065207
-3000.1239037574965
-1255.9676641630272
-2255.935594505201
-2844.965812337841
-242.5960141279433
-2784.2302889708308
-5349.782053555013
-2983.676436918522
-4029.866171584709
-5808.467650247463
-4463.089868735922
-3559.8152208900224
-5714.733649690262
0.0
-736.7955627831556
-3485.1115192350007
-4489.357146102954
-42.271579632085
-2598.37767715368
-1308.0100114868928
-721.7809117935087
-3935.4496085225146
-5488.227063553557
-2297.933647845585
-55.07147533225145
-4452.377799962901
-3066.4638424740424
-1942.1720368776957
-3842.699859762163
-2683.086177189474
-4622.45966993642
0.0
-4800.870261976642
-3899.0025367923167
0.0
-62.89515156393749
0.0
-8008.612963670291
-1891.4944662436908
-4306.119591758376
-4418.390797360354
-4771.411327149359
-1280.4844965825619
-3548.4807255123387
-1769.7878353613291
-3401.2163081070385
-4342.626201682405
-4068.799206578498
-4046.277140784521
-2556.6353547173962
-2284.1937463434697
-2466.806866081844
-5314.708999504483
-1716.4413214413223
-3784.957644682733
-4152.620992782838
-2408.1598484913898
-4250.67471998821
0.0
-4872.187911157748
-2107.651053541118
-3962.9011429922093
-1339.893466054048
-5020.805487840179
-2421.627286249415
-1272.373119932094
-2723.6017351736755
-5688.70227333681
-2940.1149782095686
-4432.917499744128
-5050.476051017433
-4623.384739158352
-5584.242197515515
-2856.889068232894
-4734.057526571333
-1861.05940862332
-2141.1272766092966
-4194.1802201265045
-1452.5780099227063
-2277.020339949722
-590.9211212093841
-28.20601965926691
-3774.8338650488026
-4257.082134939265
-1121.3007584846573
-3033.614319112478
-3066.6058148201473
-1715.7509124647984
-5959.600406800392
-5726.4824729293205
-958.6892354763798
-4078.8610188599573
-3906.802560456525
-4681.784394414995
-2011.921297526727
-3781.5873988427197
-2761.146666203408
-1531.2552843276571
-2117.9065052894966
-2352.505822907689
-1120.8841772732262
-3444.373129494369
-1795.129820696319
-1094.860923967897
-2422.9459028197666
-2330.1092242816653
-2589.487002952116
-3856.6846994340317
-5417.245466293408
-1878.8275908353648
-7143.532240868653
-5866.074436437552
-1099.527991341015
-2892.279126371696
-950.3028420658918
-765.1573109216395
-3621.520881943365
-5316.20529251425
-958.9522372980556
-5744.255489019136
-2762.883672405918
-347.87704471534374
-588.879522884641
-3745.9164794648455
-1024.0480345415015
-918.8013779966608
-3065.0938625357085
-32366.6506439563
-3234.281917367951
-4504.9296709375
-2451.952869542552
-1305.455844756404
-4545.595550342152
0.0
-2711.6008574274992
-2073.1605755911673
-971.0493306672197
-2496.3052208520553
-8663.701196630644
-3505.215382197083
-4737.447611208916
-2764.299525285219
-2862.61465800061
-1372.7071591282916
-3050.9652123522123
-2503.7572392947623
-1363.098019490726
-3174.6876910324913
-3108.611920694758
-2696.289278526091
-3715.240869608883
-3269.122488673399
-6908.489443356422
-2821.268022423702
-873.200785755659
0.0
-3424.5477464604323
-4643.261371499043
-6599.735265756812
-2116.3089013530216
-7571.2793902722915
-4394.379267264413
-1880.2033770057506
-1081.4477350892384
-49.23375144580045
-3153.2806974675796
-2625.4369817949323
-1553.8264411564253
-3726.8884973110357
-3301.182860223876
-304.78577385521515
-60.29187053352108
-1544.0834192588102
-1168.3166844767475
0.0
-5320.0947032115255
-4859.079798359373
-5698.117570918822
-5806.445616782811
-24.903031425569278
-1338.20611751968
-960.6795055236763
-3268.8016528745657
0.0
-2829.3439562578333
-1963.2540662730648
-4893.242984742627
-7392.862700606389
-1581.9707535564637
-2607.2581130431486
-1209.8370849296512
-1687.9256797858861
-1674.2277212713464
-1213.0584827615098
-2614.121972482582
-3894.405748795784
-1077.0365068502422
-5146.946742655698
-1863.2848491872173
-2473.289562930663
-1922.5447088724352
-6014.414751594467
-4814.120916750001
-1898.2385348337318
-4234.718452033602
-3392.3742809677233
-3445.9228277176803
-9912.648206059412
-102.28649973914048
-2745.156908339932
-1371.2074392705103
-2127.0925716503793
-61.24437620888574
-3626.926458228768
-865.6416364614694
-4760.107764417622
-2170.235093252803
-2964.422835733088
-3955.066462187225
-2862.1696967044827
-4240.338452403681
-1675.592086348445
-3271.4599932463084
-3318.9349560349337
-3512.198858783254
-57.05251837916518
0.0
-3896.5382770797078
-3402.538620821173
-2748.093976961312
-3174.159345802257
-1741.1514628116997
-2545.6937081466926
-4711.358242253561
-5129.923898440069
-9502.665578592276
-2229.9422341095633
-3737.3947829100975
-3981.128165345434
-3034.689645809226
-1456.5088367940289
-1482.0569200295313
-5038.084792025237
-1170.7212718878836
-757.4557210135646
-6980.333282293761
-3868.0142704230075
-3975.559698269671
-1356.15752571777
-5689.625651367892
-2114.990124826442
-1164.2714918011486
-866.6847102700482
-3514.3285114002233
-1904.6751402182267
-6438.140640372914
-2742.392291932836
-3706.890966318449
-2177.5760013175436
-5226.683181932576
-1511.5863140997888
-4806.550939469003
-3760.5124168756856
-3259.9224322839113
-4231.592379729754
-4190.490733052605
-981.9778350231868
-1448.351796265245
-2415.068110729706
-1036.1433937551994
-6869.875299411613
-4962.270837366752
-5037.486134258433
-724.4218161757606
-2777.2868253667457
-3857.4732145012167
-2407.0244845631114
-3169.586633213974
-4668.224136996512
-4536.058219363204
-2979.182277779588
-4656.117864089682
0.0
-2147.5541322080803
-4430.822910679456
-4382.052949980126
-3436.0799709574458
-14596.895359529046
-2291.7077592574256
-11.161938149430416
0.0
-2050.0563236960315
-1742.5512403975245
-1145.602513770186
-3401.991455645882
-5019.019747242795
-2251.6645726457873
-4134.816716981812
-1186.6294311289332
-1635.6530275116147
-8092.282901779383
-1311.5715811042444
-2746.8407162610506
-4391.379186219199
-3758.1903648648536
-4136.0986139521565
-2200.720824751269
-1820.7758507799651
-1573.2311950966148
-5257.116684014121
-2669.9603298848638
-2265.4893876578626
-1915.278895910106
-870.0376992516428
-4269.45668746439
-5085.23913186772
-1607.3813514531403
-2718.830181915762
-2437.797807619322
-11335.471800853269
-4699.785708730918
-5298.882345941187
-1621.464049714328
-4622.164860889458
-2901.248096797794
-4640.123238250545
-4253.847275648816
-1344.2577828865894
-586.4464916393924
-4566.414214138987
-3136.5448445170673
-1537.7078912753723
-5447.785633445911
-2407.969375262129
-1884.8369050355564
-4163.70355212491
0.0
-2122.1575414861663
-1139.9645276958186
-5127.832017076056
-4472.0564392093975
-4083.3215852318936
-2736.6532835138382
-2354.76388435423
-5049.077802826241
-2314.4818136070817
-36.550735781387374
-3101.9210627133825
-3247.102801630873
-2983.139504911509
-2638.724581524273
-4335.793179849882
-5863.758905193768
-1131.0573395540764
-1960.1036722110366
-3118.0921527711507
-897.5253718158666
-3539.371457698103
-4685.798486320616
-5026.359438285298
-2465.3680595491614
-2013.6199146242627
-556.3852620530474
-3994.3156363593566
-1710.1934965828204
-1583.6563121051183
-1707.210829573011
-4258.759663884531
-3019.83439551905
-3591.8762239570992
-4328.448665735572
-1512.4182334201732
-2765.147196693579
0.0
-1185.1270944551686
-2618.220414037707
-3751.404062608681
-5858.961442316706
-2790.3617615820253
-3114.857249515285
-4779.087576394813
-4974.4284176429865
-2316.6264004984646
-4364.615112881467
-2469.001331752242
-5566.2071058464335
-3694.661589875452
-1783.8869571681396
-4333.950929857817
-3897.1427563471793
-9439.834527647025
-1999.964841403952
-4913.830590396271
-1749.768983849659
-4947.165973806314
-541.1141819833293
-6538.819065074967
-480.0642083697579
-2299.740469555494
-1146.986330058627
-1967.1665626915578
-4675.742095113922
-3510.400160169251
-3638.3083661031783
-1093.3688684076546
-537.9569969186808
-3314.711145981139
-4569.029577805109
-4716.274503726302
-2893.5462635861145
-3177.717320678248
-794.0018559218212
-1523.7665489548963
