-5240.962634854
-4221.060565940568
-4236.61815563354
-55.84849104718107
-3933.144655869266
-4687.61142985637
-1407.1146891452395
-3685.4785985628932
-1970.9302008577117
-12827.058912644217
-3619.308324232237
-2091.959596038467
-5055.4793055360615
-3925.324623729508
-265.77428455527684
-4665.724188824728
-3794.6668985278084
-2788.157522565707
-3243.4668548980076
-2605.3536119471646
-2793.804275814826
-2496.5726991425736
-3870.0401334692515
-4302.804286913467
-1991.6779094294136
-3062.1096650233862
-2773.2421408321243
0.0
-2436.124917440828
-4142.011108122017
-482.2830275984993
-1879.1121937012635
-2517.8658212667697
-1115.1430268026475
-4381.922032473789
-2573.290665285001
-4194.1015549215135
-3901.0468086805568
-2946.578181904396
-68.5463896186027
-1508.9949576785912
-5207.78094728805
-67.39139726814604
-4137.4594638285735
-5321.7741139582995
-7012.769139579897
-1373.5906350076948
-2408.451499315749
-3500.5781482234997
-1625.9078159242636
-1080.9327073793277
-3642.2172232300477
-2168.969090825524
-494.58768916528317
-2784.2386585109916
-5606.804440790684
-4224.976606792741
-4986.515891605007
-893.6616331329005
-3542.72554366306
-5565.298522663773
-4898.1731838351725
-2420.8278408591427
-3345.003682523007
-2225.5138666569196
-5662.366870507732
-1479.7539859905319
-3195.844548451685
-2485.642950148098
-1951.4431524150184
-2436.7720113178216
-4120.437805396238
-2973.2580863324556
-1104.5707955175792
-4592.003318877873
-6173.061366187891
-5480.408022994866
-9454.827271584965
0.0
-61.75936996078289
-2348.6914613537383
-1699.3016598702745
-1106.9343023672757
-3772.2951156851846
-4454.940267405824
-5184.158549780229
-4092.2523898552395
0.0
-5521.623573284153
-1214.6653001296336
-4372.312222755377
-1616.8161814986418
-5342.987646319497
-3385.8885091147313
-5023.920022176522
-3379.0276692959046
-7743.393761243197
-4970.638687986293
-3893.8268067465583
-1957.96905163306
-4174.954412647992
-2446.6486352482875
-1560.7187451841673
-3896.077879200179
-616.1746637922107
-4021.977940993255
-8619.833251685146
-804.9205696636111
-2669.8477293174615
-4835.467026964976
-8324.112590584973
-2980.7436331736
-3434.686948428834
-3978.42977399128
-6871.528217711678
-67.47019648914522
-3773.5995480206207
-4122.194516824312
-4781.875446311433
-1316.3958702934729
-2149.6230815646672
-2094.818502225493
-7.101915304807786
-6461.696881079309
-714.12078518258
-3114.421753934827
-4450.0314740946515
-2616.599747435771
-2957.798413941826
-1961.4722340518097
-5699.4154253992965
0.0
-4498.187632957188
-3824.5524757982744
-2465.0020775363737
-5097.5442426425025
-3214.931801628064
-1786.8624992248394
-3816.2238668119453
-3470.291616762366
-941.6291406449187
-4921.990310977058
-3663.5830948026637
-3192.526001895859
-1715.6942554038887
-3484.919696206441
-2922.4455234170678
-3616.378690483687
-1808.1731036689716
-2712.053152412674
-2568.7070932110537
-2593.8362032817918
-2120.9775751335856
-3320.9023611665266
-3195.309090879162
-975.8447958216386
-4809.8022178411675
-4948.162185976555
-941.467301364013
-1347.6407268002263
-3291.0074886586103
-5322.789897409343
-3273.4218045974726
-3616.978897200945
-1995.957657139861
-1093.7092554938586
-5764.9334291651
-468.7913634494264
-366.81556220455786
-2886.431768940301
-4630.978617698258
-1564.131380476954
-3465.762832930357
-2391.0476906122003
-9060.055726300812
-1796.92692223341
-5200.063047871539
-2700.6164270161707
-4554.203460643397
-3891.8311770074115
-1288.1719867264908
-2693.30821863119
-3330.763503363035
-672.3745333422683
-4218.989880863495
-3198.9876667859644
-2205.785910635455
-1326.913201386116
-5158.162481204339
-5008.840833311199
-1418.3704654857918
-8276.790153254935
-3654.7015859958847
0.0
-4571.076367208717
-2166.179664603406
-2146.5850253406597
-2157.876606146775
-3205.618129046868
-3150.608306659141
-9842.518707387228
-4245.236987471353
-4912.056559897561
-1519.9093684228721
-2864.7530819495837
-1775.4055257720813
-1447.0204601007995
-1994.535057888586
-5854.856767469456
0.0
-4674.469178722012
-3068.632649686893
-1264.7345031919392
-2490.37849337911
0.0
-986.2670942957274
-3736.4231442916766
-2803.1142395226652
-459.70436607468946
-2856.980991304368
-1993.7287527356877
-1606.7623306870082
-4682.163205035362
-2911.894307472669
-2924.121578652004
-4293.449128193881
-4143.852851501311
-2697.4337815389167
-4215.7632458251965
-872.3035435609742
-2717.5315477442673
-3179.8102314494813
-814.297781031767
-1994.6399799004291
-3499.9249803975604
-2443.4088615487603
0.0
0.0
-5732.566505444778
-4261.831079038337
-2770.0020009398636
-2591.3607349228027
-2954.2203016207627
0.0
-1038.6303769820022
-3473.294471568854
-3026.8926806091663
-3512.3279108946194
-4521.476359521416
-4579.351245569513
-5045.689080128897
-907.512056575832
-4456.626208897663
-2586.3390128497094
-1193.0895867808963
-1649.9124239640669
-4173.465019154875
-1760.6228542463145
-4145.595688411912
-7335.2133273976515
-1529.636367503099
-1622.0713288286063
-2950.377924589662
-1235.8483168559358
-43.4367252841341
-313.5201597795532
-2840.175664545092
-2862.343205912416
-2065.059844216873
-5340.813514878124
-690.7032504386461
-5171.690076665737
-5172.0146476749005
-3756.3433696139946
-1756.6543513713234
-3085.0936425164355
-4626.630041818893
-901.8043293670816
-2332.5182599068
-53.879929279995196
-3564.7005506263977
-3342.575659011425
-3827.769493847106
-4735.139663767004
-3820.404900443573
-4911.414982615988
-4395.093680554867
-2359.5189557218714
-4946.843696126321
-1501.3505463595084
-1361.7600637644723
-3800.596186170134
-1866.6961800039194
-727.0967826099549
-1994.7024708899355
-1033.2850722130934
-2957.0222142901653
-2003.036034346982
-891.5641723652113
-1160.6241840897396
-266.56785396680465
-1246.876135126067
-5114.9207500254215
-68.12381053815751
-5165.203597724695
-2733.582180260401
-6795.869510404401
-6468.089280220812
-8.125255770552432
-3777.634626896111
-3235.202731875721
-4440.670115178581
-8413.430175149148
-1647.4695098421155
-2547.8134866480245
-1715.0447577526295
-4093.4460450406327
-4739.251985322624
0.0
-5566.855018210128
-4088.391072116961
-3357.79306043197
-2747.4406797766887
-3043.9583168698177
-2524.8484942828204
-5251.316008695196
-3707.3451312883317
-2644.188331999758
-7.101915304807786
-3569.3607808333554
-3435.263812551337
-828.569369675795
-2685.5419533976046
-5431.8284422165325
0.0
-2267.8230274628977
-2384.2000232359856
-4393.266832401071
-2711.4963198643577
-4131.373166854342
-6243.876450793971
-2514.878866082999
-3109.254839349822
-559.9908197309321
-3895.109137594677
-1027.8233317506185
-5396.651165498336
-2780.2738007589173
-5250.331955390864
-2930.771996284125
-1414.8217366699027
-3319.320296791335
-1537.9010846340145
-4968.166867271652
-7758.613618076857
-4115.933306335739
-718.401381891099
-3069.1338455401537
-3052.321033731535
-1900.0963107257378
-2184.557995930656
-2472.8696796889726
-2475.1400977133376
-3733.0007845695363
-4060.0371647552065
-2566.2120451847973
-5305.05885763363
-5188.668194976262
-5235.693418779922
-4741.128250600681
-2566.2170217953512
-5176.732507963901
-4078.027630061924
-4727.34607217693
-3526.029916559947
-1689.435288281256
-852.6176354038046
-1108.9155094167404
-5365.423083034561
-1935.1491015694128
-1214.4593948308113
-3449.5479930947195
-2228.9662845008734
-3756.450078690332
-1780.891641489732
-3583.311291468745
-1951.8055626156777
-4024.206257032586
-10821.17045921064
-3791.4762833030304
0.0
-2918.610701377375
-15332.850245519821
-5012.2643904111765
-630.1759574218912
-50.48084854425444
-4914.484468601208
-4940.93700943003
-1902.4500996821262
-2787.1057743791694
-2797.968186341839
-5045.338726612317
-2545.228275638979
-2474.7408392052484
-3712.1645182080697
-5309.910259601097
-2697.243127370615
-3039.8183820155023
-2075.0732337621344
-1391.6735183628196
-5531.483879158887
-2529.221443963924
-4351.3574475835785
-3021.2384291419526
-853.1962054371998
-2637.1312712965027
-3060.2698895376843
-2120.1828417148586
-1280.6153017430988
-3609.546508070982
-1021.5352785951144
-610.1233643363713
-3359.0414773167768
-3372.763029723497
-4058.3690079664266
-5464.37259839606
-2972.0303869507743
-2686.876680049866
-3232.5014366221976
-6189.671556123433
-3254.5653794663235
-4664.831826514991
-3636.009281131916
-10550.439660358303
-8327.979068586785
-3569.6565281899148
-2449.9185708597042
-1038.2882005035383
-2381.5892378075214
-3324.62717255524
-1946.8572495985977
-694.5675279070168
-3753.5674665920724
-2038.534278900185
-4487.889021644285
-4616.8852949501525
-4976.975460406054
-933.0605104902382
-1312.3598023102193
-8607.399367708347
-829.3494540296049
-1825.5575378511592
-3567.524814087231
-5104.465186113146
-2800.6502544467726
0.0
-1624.1767672467977
-1053.5277813681125
-3089.7185978837524
-4692.797385831733
-2828.913528687886
-5586.740971279823
-4419.3754817197205
-5561.865089967357
-2379.2426301392566
-4204.461705077458
-4652.856805280712
-2768.313846906438
-5613.58945626745
-1318.775849998347
-2390.2486532361563
-4577.702803261743
-3808.092147757167
-5490.831564238249
-1224.8442381008138
-4135.168557992813
-1018.794070779143
-3651.0320657576804
-4807.832515048375
-4234.330861781873
-5065.845799254541
-3734.477828027804
-4001.0641665837998
-4302.3393591305785
-2502.2257448229393
-4850.966882625575
-7750.8122059161415
-4538.2712453395525
-5676.32612713668
-4375.511470322136
-2632.091431094265
-2446.10784416694
-4295.630608510361
-3912.3384164002837
-4199.751340827783
-5008.059598237539
-2910.308933235224
-3885.1635986932697
-5989.300106403778
-4750.609621188768
-5260.091631869734
-1847.716357226237
-3877.4875115901514
-2527.600097258347
-848.6810800190959
-2832.895571512582
-7233.726367511744
-1418.8085925143273
-3102.338344736551
-5679.351362930207
-1058.825814190652
0.0
-2718.0369248161737
-2043.2168714821098
-730.4295708303632
-1713.1069137566913
-2244.147341328787
-6075.427512223928
-3592.2504613996525
-1616.5867748233627
-4198.066986926251
-4988.462373149625
-2911.7413665839326
-5121.587999114811
-7879.610501565106
-2150.5022168324554
-4061.908750533461
-3870.5262662886425
-4591.021682317874
-1136.3869862667964
-2970.012341114709
-2570.74425362765
-3373.6224882618285
-5462.486143245436
-2511.1868210360994
-1048.3933400505607
-1299.4206809948962
-4012.4875926587565
-3922.2346200055817
-5050.363256361183
-2638.2587518154733
-1387.738212757262
-1462.4644833220589
-1354.4515256575874
-1522.6904913862093
-2154.3786917573093
-1661.89669349689
-2689.5650397735108
-3566.5434201031762
-2908.488957090545
-1094.044192519575
-6398.257924815189
0.0
-2436.2795168759276
-48.121983097879706
-1076.63250193673
-3037.7314278660447
-1720.180506590104
-3794.3179533773337
-2889.1698714450677
-2379.709896541152
-6711.607601500423
-1850.7987202287632
-7416.9111081909205
0.0
-3368.364142460258
-7.9998699009326355
-56.050896518109965
-2270.19580598234
-3849.2703300402627
-2078.3841086513066
-4901.4357938242165
-2683.244287211411
-3145.8378280667766
-3457.451911989997
-2578.7681696628497
-3692.4190682699286
-3555.3423732945516
-4145.459619074679
-3491.8528837705253
-3466.2946597976065
-943.3273351691738
-5217.914187067148
-4419.988424405813
-5055.3557062234995
-10533.336772421717
-102.03472445731293
-5584.123563111536
-2501.7673203960435
-3095.8708663531106
-4818.738672937021
-3646.9406944060647
-3889.860613462943
-3545.2999964760197
-5841.149031698894
-1109.748594800962
-4295.430867432674
-4838.67398612757
-3559.3229982587823
-1531.7458331950754
-1747.8843440480498
-8386.85115146959
-7088.942267387259
-4323.656796829819
-3327.67012778673
-2366.9497759243127
-3999.365568870442
-3994.182901036473
-1714.6890659434823
-9075.635390546175
-1180.2223569146854
-5978.351819918988
-2994.7458208482212
-5112.673674542206
-4934.518860547544
-2949.776637305538
-3692.8874749574743
-1497.5093805175563
-3422.0788771773664
-4951.655242883562
-4579.504116942394
0.0
-1881.0320247438706
-2997.330049956089
-1263.019458631011
0.0
-1405.4684457764597
-3692.7591473589114
-5453.953079533346
-3969.9042334431865
-4544.362708673555
-351.1438767076678
-1086.880096647568
-5352.532557368281
-2221.1019133482305
-18405.976945622533
-5003.0386920173
-1161.6078134035627
-5369.9134858860525
-1140.2217767241357
-1017.0068826150791
-1112.8051938424196
0.0
-1296.5658377457896
-3801.411958855485
-3789.3124549561776
-2866.1810590938426
-5696.934623963613
-685.2428775855615
-4359.850765027353
-510.4200366983802
-1282.4303364840869
-3636.792143197201
-4760.5363541664565
-4727.179392745982
-5851.7535012387225
-2435.398586066905
-2780.8874815773593
-1448.0091996477563
-4549.790329649888
-55.92732072660077
-3466.0435715015665
-1755.0826997570325
-5422.6399638566545
-3438.842674043818
-11228.565912285958
-5829.60800344694
-4165.29441158141
-5865.209447914067
-5256.004518268212
-3008.2568912169677
-1134.5129158308062
-1380.6349234953586
-5700.736397101382
0.0
-5034.835239851025
-4038.0789234509975
-3582.746149895249
-3441.4120228807574
-1522.6653604317091
-2684.4845014134944
-2782.058699390905
-3815.7122729418666
-4162.28189144777
-4258.7743344194105
-3612.791471629074
-881.8039463937198
-5770.445194689224
-47.989085156692255
-8485.958659198026
-1997.3686354728193
-1860.4257576453685
-2400.9001776625532
-24.943316267610122
-5711.240372246713
-2251.1819458984874
-2783.438850839448
-4944.020958912815
-3275.955706303622
-4730.773369858277
-3138.069121115156
-7276.101912777974
-1528.2834978653304
-3025.949425725871
-1281.8883427988246
-2377.287723383839
-2844.066598122574
-240.8135086730015
-2830.9090965074274
-5241.686570863282
-3003.1037705586173
-4080.334251367254
-5750.300425648645
-4349.286754765206
-3589.2720748231263
-5823.948911467355
0.0
-732.5818955822062
-3512.1804704651217
-4624.3847316928395
-43.531697510049646
-2624.6268735385397
-1324.3579699955433
-725.8777850087612
-3942.088435712319
-5475.224699197273
-2431.7825095539138
-55.229180497434086
-4387.304977824871
-3098.0251066404066
-2072.617979405506
-3808.260806526319
-2704.9177814003106
-4660.066508466823
0.0
-4770.174195295456
-3911.134374633649
0.0
-63.78363298310765
0.0
-7985.6676849796595
-1907.5837730217181
-4435.023605773647
-4467.011515050686
-4686.495302907055
-1316.0541196114036
-3597.4444370725228
-1799.918930646327
-3335.12074273436
-4468.847640136167
-4028.6517988685414
-4067.868593335032
-2561.155505241521
-2309.7210398653096
-2554.792836859328
-5271.825975443074
-1726.3827517737454
-3860.846953721081
-4079.9216115348295
-2524.243442963594
-4188.3836385191535
0.0
-4757.497998906719
-2121.3422856082516
-3912.281908603207
-1316.5611751839986
-5040.587026541555
-2470.3048172913054
-1302.6840575786484
-2756.293854903049
-5629.490102116017
-2939.173988661762
-4337.56043146972
-5052.30302823954
-4520.435152564206
-5591.41317714074
-2826.913802771462
-4830.314620769338
-1843.347503652581
-2237.870804468646
-4131.0458542306305
-1507.1123422768512
-2280.0935134242063
-629.9602458944844
-29.60960619583784
-3803.535432024908
-4191.816732976035
-1140.5868586953902
-3061.0384546091223
-3242.408579906697
-1763.058841585203
-5872.715903221105
-5632.526530081184
-1038.2053689714705
-4232.482969430518
-3889.982734956885
-4684.023029408777
-2071.248570191133
-3800.5023736555577
-2882.2783272107604
-1489.2916046808432
-2137.909146176201
-2432.645468602499
-1120.6761995686022
-3433.401066181851
-1836.2312129226073
-1134.8707205067954
-2476.6275784053673
-2407.314323155639
-2575.2743155467642
-3864.1521713341567
-5300.034324469832
-1919.0569624990094
-7146.743326407609
-5730.069277336777
-1100.1634125587593
-2917.841060917899
-954.7788405501028
-810.0829302741942
-3573.94519533979
-5435.332584200972
-993.1810409746735
-5854.068804040595
-2910.5055349980507
-361.1507784074272
-614.5105457798369
-3672.910631624041
-1036.0206213835827
-986.467639352008
-3144.304058619614
-32609.183005625873
-3255.7454526891293
-4498.392275045844
-2428.807739664243
-1328.9797715371683
-4499.632234297733
0.0
-2678.2987111131984
-2140.631348527163
-976.8419076890981
-2563.0888510296795
-8764.131152780777
-3660.252875752885
-4837.593616470515
-2758.7168579757395
-2817.174652804217
-1380.6060671504622
-3100.015852188877
-2538.342048616477
-1383.6277917048537
-3350.8996042402223
-3113.4403809371634
-2715.350996954855
-3837.1625806125544
-3186.103445943348
-6823.416130421846
-2851.6047548327424
-890.6528745542348
0.0
-3428.059154196175
-4691.518643018789
-6585.585827390768
-2169.939173748467
-7657.88415667995
-4418.1447493677615
-1842.9943473496212
-1117.8091349876042
-49.34269311164021
-3290.9240611401674
-2756.590445717607
-1548.5984472499395
-3748.9270579763815
-3362.407329155216
-315.77812304443245
-59.24329478117068
-1552.805092041945
-1171.1292498393916
0.0
-5198.015696952297
-4840.7982874300915
-5765.97782192146
-5910.713588534949
-25.590216785512897
-1339.6574517246067
-966.2746800483956
-3293.3798727673975
0.0
-2927.1736947365807
-1965.6151124521837
-4883.988424770911
-7383.970436587275
-1597.6501790851771
-2653.443867119822
-1246.6911566341605
-1723.94060788859
-1699.586213596997
-1220.165929033425
-2697.785439702869
-3999.4066944746196
-1069.8004293816236
-5102.439211569208
-1842.2388195104293
-2486.278279230984
-1947.2226151941527
-6052.801351424906
-4857.050738790578
-2029.6363202177333
-4184.073192354923
-3417.4318199178183
-3452.349389649434
-10026.499495414078
-102.86765633213193
-2782.0138010675782
-1368.0216248072286
-2190.570730851232
-61.214297472503986
-3632.692899669811
-839.1633004306436
-4664.63009776047
-2275.090015530489
-3039.9032852433675
-4015.0656024485274
-2837.1386699816144
-4285.2954150213645
-1672.7177816268475
-3368.9945327067658
-3459.5130917892143
-3522.186609798203
-57.62900302190964
0.0
-3894.2973944821197
-3593.481917944527
-2806.846145852646
-3186.529773458344
-1775.7230447521772
-2621.2856696053464
-4595.238232678353
-5022.795645238553
-9571.286657948396
-2355.0130504897543
-3749.6758995930563
-4068.629884192958
-3104.881418681863
-1481.9494252997129
-1496.4420761754063
-5170.66364349613
-1116.7418461219354
-793.7994274207033
-6979.135423765502
-3814.341417036728
-3906.6793457256376
-1359.1589407925371
-5826.132811645948
-2111.1022476774015
-1153.9140088996753
-869.9448591021448
-3493.130974676697
-2009.9439094326208
-6512.542775043385
-2778.114818114998
-3886.135431853651
-2273.174053055765
-5106.72038531813
-1535.5012479786412
-4789.390664640516
-3794.536453771768
-3274.0208225695765
-4159.304547043919
-4077.254486944228
-1011.527380829616
-1461.940228249982
-2426.521268305806
-1048.225401825696
-6876.688011533817
-5053.730333682909
-5062.546496983775
-718.5298282429062
-2759.132614718097
-3843.1216065709395
-2534.5417344734665
-3304.953002816988
-4665.193187320624
-4668.670958252072
-3036.4787015111765
-4546.864544250655
0.0
-2151.371637552219
-4432.298275985844
-4271.22925430852
-3652.59773225862
-14621.565774392846
-2327.78593383002
-11.60629268999713
0.0
-2063.731319882082
-1774.5312573222309
-1137.8368719769826
-3428.874759451302
-4973.842401276151
-2226.659517767867
-4256.5237146336585
-1262.269338116832
-1642.6436642165406
-8093.377912346984
-1345.367529860448
-2763.4103198080525
-4405.585684818066
-3887.9826102268325
-4109.994655677799
-2351.967084908102
-1828.4445725189698
-1650.9560273612713
-5259.563731018228
-2671.0081877413936
-2333.0233681810387
-1866.4002491940848
-884.2587510371392
-4345.726684610319
-5186.266762187004
-1707.6684594587114
-2770.92015275002
-2460.456661535711
-11374.564683332512
-4599.406746059915
-5289.126188660857
-1634.6430991821126
-4657.5678695379665
-2903.463604360515
-4669.222009722931
-4257.677045859862
-1363.150015067236
-595.5580777480521
-4502.355130820745
-3204.6180310354375
-1536.1186281493387
-5528.999640699439
-2417.726136606722
-1913.6823288411024
-4136.691287216268
0.0
-2156.760025282109
-1173.215355589494
-5174.80446795023
-4446.453891224263
-4027.0024591902743
-2755.6612278521607
-2400.717582727078
-4965.290212455855
-2335.407700052791
-36.60180505228381
-3110.1767438061306
-3270.9169737774064
-2979.169113913742
-2643.8369769105952
-4352.980343467768
-5862.987752299427
-1108.5680762717718
-1989.9361586340922
-3331.688371904256
-898.4227262107801
-3500.7012332224645
-4713.393313311719
-4936.81876275407
-2509.709276304641
-2040.9498999643167
-578.7250523846676
-4038.255116730037
-1700.009273858824
-1608.9483844171948
-1739.8843802052274
-4263.370777853507
-3037.5189423465267
-3590.8216213234496
-4553.649450840249
-1534.1671047401405
-2788.814622916844
0.0
-1162.6369617636872
-2651.975784558316
-3700.392285001086
-5847.691558392375
-2921.4963575429406
-3099.9149852006517
-4822.227792534693
-5064.078831812068
-2288.75253038124
-4303.991723186842
-2506.4276011672773
-5422.496731214519
-3719.482700582109
-1804.9465470343298
-4271.232283869969
-3890.9444727743276
-9488.558373592161
-2041.489452675459
-4807.80164881572
-1758.6398861324017
-5012.209215824492
-539.8178573871611
-6632.363692449854
-468.0648225897442
-2315.550473633603
-1201.030855895602
-1989.62419124939
-4696.3510173662935
-3640.1621828397656
-3812.150305553838
-1121.8395860371531
-553.3813776506713
-3516.2601061718374
-4503.193959042449
-4738.502408621917
-2821.1498344330257
-3184.6805045674673
-777.2100606533098
-1524.6391235926865
