-5307.755696112671
-4179.158048416845
-4248.010119717109
-54.09897890092702
-3963.162891497211
-4560.28057055314
-1364.924318600097
-3634.3281207346968
-1963.4951403162138
-12849.856264709966
-3602.4547592822487
-2124.953302053727
-5141.238373456158
-3896.668497693284
-251.94147700705105
-4641.833154853833
-3751.5283784371086
-2767.9821076569156
-3206.9015137991137
-2557.8614769232136
-2820.996698216497
-2409.2904104863533
-3797.1385038005296
-4231.045770493719
-1948.7439680288926
-3030.8503481266202
-2764.7532826439774
0.0
-2421.481719516446
-4157.023150727067
-441.23996277774074
-1755.738189615959
-2523.974023057215
-1057.0195212641963
-4472.928880877314
-2550.5595040859716
-4191.450218862063
-3725.5473702290715
-2874.956440311924
-66.92025779042108
-1423.2472473606902
-5222.742175262814
-67.71244311506668
-4133.377302765116
-5394.318075864333
-7041.453661534097
-1409.0856689744558
-2396.796442847804
-3483.951839358521
-1606.868377796473
-1022.7581199024081
-3584.43003952185
-2134.004753317732
-472.27506683993585
-2657.1002317010975
-5698.407621783722
-4257.4676132720815
-5074.845052054337
-870.1818206005755
-3519.994254573158
-5471.864077198287
-4927.700382275683
-2295.838886124834
-3272.0275821605655
-2204.0711509072844
-5761.641911970833
-1484.3398101043701
-3218.914467828404
-2448.7710569379583
-1966.6916131230655
-2395.2582271961473
-4007.32332453688
-2880.620237877792
-1116.9257119697395
-4581.050041424013
-6188.508365681523
-5316.094541993333
-9464.837704180958
0.0
-62.34289812879801
-2232.398552860605
-1657.6235539876413
-1099.3866269755479
-3725.866518849797
-4490.261972272336
-5136.439020358244
-4100.194792735055
0.0
-5555.548602678845
-1169.3510716214728
-4372.327358303647
-1639.6384349369307
-5316.545268054515
-3409.0223357245636
-5107.055777822106
-3284.0123022979833
-7696.540569411648
-5050.982575287125
-3868.3228447096517
-1971.9768229289025
-4194.391374482675
-2284.3435659341153
-1546.8782658813602
-3928.5387674017447
-609.6909589759587
-3994.9753286301425
-8515.701955932096
-779.5757544767512
-2665.057587346835
-4916.279092224525
-8424.309740438954
-2982.755448703948
-3295.7895273379418
-3956.4380515787457
-6823.088430615445
-66.03109347021982
-3785.138895343484
-4063.842564671278
-4871.59904459724
-1336.9290520086834
-2113.9205729564515
-2049.90702002148
-7.120464552644018
-6480.76823810851
-690.5404179120142
-3066.4658963949078
-4516.040706552477
-2579.9274505485773
-2950.7996726851784
-1919.0485534502247
-5684.183078097008
0.0
-4603.539979036901
-3816.6515152959087
-2425.263392700561
-5062.198529656764
-3222.881067212436
-1789.9029204510211
-3687.508448006815
-3464.3874241028716
-918.1289668628231
-4935.371629297814
-3572.940898517013
-3128.294656358947
-1739.9199103951175
-3464.5703487757364
-2888.991043503861
-3669.315610701581
-1787.9524636984534
-2602.3391705542826
-2568.5019726575915
-2570.4484597616365
-2097.766081370006
-3274.9816972934454
-3111.021920001774
-958.9553464017023
-4782.089241316324
-4925.292943912282
-897.3448015412098
-1344.3029619623455
-3237.463452865839
-5420.441441651437
-3261.6188981741934
-3627.9550787142452
-1979.8779232376005
-1065.55513826508
-5855.987674322973
-440.4953737226935
-363.757610939355
-2860.6262641595276
-4572.702818686224
-1539.285135859177
-3406.5050904947807
-2378.733728005519
-9084.435862840228
-1799.2564842871814
-5315.290756499519
-2682.7552092833084
-4560.4484704513525
-3734.186176035384
-1262.5364379582
-2667.208620705639
-3181.1782125211444
-665.3398266702369
-4247.9444089191065
-3192.5336727195186
-2082.715691352968
-1323.0813365259519
-5160.5034473884525
-5061.080456602544
-1415.3972243871046
-8314.569825356495
-3549.9701336595504
0.0
-4586.535548142898
-2144.735595662645
-2032.4217827447117
-2181.4431697114505
-3214.5135626528254
-3148.0722892727845
-9773.969930731786
-4283.309283162628
-4899.570755653489
-1483.7969437921754
-2782.943557294931
-1771.7127536828814
-1466.7388820753777
-1978.2099222344284
-5874.849966435684
0.0
-4781.679551345817
-2899.020682320555
-1268.2375489900826
-2460.9928906020937
0.0
-974.9690329731192
-3742.65533934551
-2810.3253961749942
-448.9942816486636
-2852.373417940106
-1979.1774224452467
-1624.8001052803622
-4497.48548822023
-2981.4724470467436
-2770.9329643724636
-4316.320946127847
-4146.5506249258315
-2657.7208954782836
-4209.457675742704
-865.5401544096736
-2563.411942514281
-3214.0626882919046
-789.2991233635881
-2029.5652672537096
-3542.5019610980507
-2419.3849585181956
0.0
0.0
-5788.153386337141
-4212.913294626362
-2728.6094085063964
-2586.1117000790464
-2863.086251446474
0.0
-1021.6308340364234
-3499.514354306025
-2933.533314725716
-3364.340047182995
-4536.651759555181
-4620.454426931904
-5106.047029617438
-862.6982149489847
-4377.150946122329
-2616.9544362894167
-1180.1393568696126
-1628.8113778156494
-4054.1320462809244
-1687.116104065011
-4104.233091379652
-7367.669191986914
-1508.6910330456412
-1649.9199805503408
-2928.6408750015794
-1208.1535682132605
-44.15206578860641
-302.1634761837944
-2719.5720283658634
-2833.9571165759603
-2072.9293940824405
-5415.020549725781
-679.9370804755665
-5190.465683069784
-5101.7326875803665
-3802.5546772219423
-1740.944138445308
-3116.150994875466
-4712.166300785703
-896.0721320056082
-2163.714900931119
-53.168765497385834
-3525.1200614566364
-3277.1476414114923
-3775.2174176721232
-4825.754431937995
-3827.339742139428
-4933.969347582604
-4355.343894114179
-2258.200119494303
-4894.725360403252
-1495.3616767445944
-1350.5030030906194
-3729.4297477646564
-1847.6760819276585
-721.9709111369833
-1943.4887236970471
-1040.9270820871188
-2922.7222369622405
-2001.3361025209229
-890.3421522562218
-1165.4548382474206
-252.0106095158733
-1251.080407544092
-5106.962470080522
-68.50145895789886
-5013.292274734614
-2741.0289061981757
-6783.810376572552
-6443.561959268007
-8.066207065625001
-3786.3311040170165
-3215.1014115662556
-4545.3713837313835
-8353.691809577143
-1642.0542059954387
-2520.8080468911817
-1719.7862363187696
-4019.7928134505355
-4664.5253396099815
0.0
-5632.294264605128
-4098.794165155108
-3360.222361491184
-2751.812501375897
-3021.79433685191
-2457.380095033637
-5312.8367219725105
-3654.557391125249
-2672.6673566265604
-7.120464552644018
-3575.589197210555
-3458.9684194787947
-790.831368447905
-2650.7932117014734
-5484.05623394243
0.0
-2196.641117250877
-2375.849864573463
-4258.039300442879
-2585.1073491477778
-4156.71770123152
-6327.670930824134
-2487.372822386878
-2897.3657295182875
-516.7712432771189
-3877.8491342645134
-1028.4719791415853
-5518.138757447074
-2691.220473720108
-5365.16242523308
-2917.483298154461
-1376.1753676724313
-3303.3946695092873
-1555.618413470954
-5038.75375507117
-7708.996262961645
-4160.385624619059
-703.1778616998188
-2931.623817498593
-3072.4837667610536
-1903.2343023903236
-2198.2174088062816
-2439.5375295358263
-2440.620756712022
-3711.62396741208
-4051.6712118447485
-2577.794497676554
-5247.258691927724
-5141.7750592313
-5173.553378884564
-4809.845281267375
-2532.0916616880127
-5267.429525788207
-4027.3634598333374
-4781.46251456853
-3470.5118644464037
-1592.197420299077
-859.9460506453312
-1097.8375965753519
-5421.766600853643
-1908.604365021945
-1219.7320977208326
-3261.4160035527857
-2211.17336614174
-3664.0657217707826
-1770.090178331022
-3557.507790277931
-1934.0191259651922
-3970.5369834881803
-10828.60024275776
-3712.2640189698454
0.0
-2899.0621385920513
-15247.597367498354
-5095.064373289519
-629.1791565811386
-50.090184212998004
-5019.990381493911
-5082.81780269378
-1900.8457192798883
-2753.4790838824306
-2686.9358069028813
-4989.6683062807615
-2519.8253722920786
-2434.811350446069
-3713.120632185124
-5258.137266232416
-2670.718728175023
-3014.1888965226963
-2094.452233506827
-1375.7314300768344
-5644.0482137159015
-2494.5047634610532
-4394.40667989025
-2989.250573108973
-841.0074177193462
-2636.0388772493884
-3023.2971535870606
-2130.5593226067454
-1277.1237628293613
-3552.714646773388
-1056.4858582729562
-580.0862970480042
-3403.8801845972785
-3336.1058641718673
-3960.1639418203545
-5587.307862048843
-2952.0501759633485
-2586.726470700769
-3209.7779284302305
-6227.751629876744
-3293.991797441436
-4673.042185028496
-3608.2650875955055
-10418.320887958102
-8420.031429955596
-3565.545635965455
-2300.3145171567107
-1015.9803792047595
-2390.5443045035913
-3211.991522275063
-1933.156998985548
-680.7156043735133
-3743.44778655652
-2031.5382970476267
-4448.84958111216
-4627.628456579657
-4944.619273708068
-894.7952042356114
-1271.4878103966728
-8782.27212288598
-809.1118293357029
-1824.4298497977384
-3480.678736778144
-5151.8134870054955
-2787.415156690263
0.0
-1650.0225756128314
-1043.9568728087568
-2956.358902016795
-4725.2684709127
-2739.9134458823346
-5459.3525987368885
-4505.8099671592145
-5641.544497921181
-2397.8345356455784
-4198.806995690406
-4664.476845018857
-2709.622781595894
-5616.674695176244
-1301.257989017836
-2361.707783375038
-4672.664421467498
-3871.0908408432506
-5569.283372213374
-1203.95191576039
-4132.15771570898
-1030.5009601719353
-3676.4309657194576
-4911.301224291667
-4218.126319749245
-5158.132370295061
-3546.899807314415
-4025.4502733547374
-4261.791637922137
-2504.17925077637
-4964.7254150306435
-7752.648013730015
-4626.7843703442895
-5650.636006368468
-4362.166080586626
-2561.7607567643204
-2401.445218536167
-4292.369657871806
-3923.115412521527
-4196.1758790718995
-4954.5589078019975
-2834.3728408416196
-3824.1016787591097
-6067.3889782824735
-4724.373977100621
-5383.296579343323
-1861.4930003581096
-3865.0114061630197
-2412.0600191948897
-810.1935491498925
-2713.9110078382005
-7227.050357762581
-1412.883491032967
-3074.411384564584
-5635.990048979719
-1051.9919942074625
0.0
-2537.1075254846282
-1868.0408578950867
-700.5331297835955
-1742.7837965416586
-2083.550767221106
-6149.028371921071
-3546.5901448757386
-1594.6478614821765
-4203.579919129822
-4930.213052155236
-2854.6098389739564
-5113.632965772685
-7905.7459302235675
-1981.854565553148
-4082.755668665213
-3855.405387615578
-4510.120767837427
-1044.7369236147417
-2925.499073101625
-2413.6775803647533
-3358.320209386176
-5555.124625233064
-2512.334911289813
-1043.4518004877161
-1332.8766910999043
-4100.65639704125
-3917.467625955551
-5025.056086979629
-2632.527461216368
-1345.832036273542
-1416.9639803134548
-1344.5333690559637
-1435.3609848693118
-2044.508095612514
-1679.5872247902869
-2622.1458228248757
-3586.619044126545
-2897.6284083124797
-1107.4632816314713
-6459.294424293318
0.0
-2415.173670600709
-48.89237779374952
-1043.0146726879616
-2903.5055472876425
-1736.7881641239019
-3779.998739456247
-2902.472239587947
-2394.6719788329174
-6721.264564977259
-1814.1998592608902
-7388.43825876046
0.0
-3349.603534584719
-8.057205596735656
-55.34118422163559
-2174.6578428221364
-3872.9402655708936
-1985.1812038509963
-4947.355709311087
-2714.759877157913
-3108.4030782129817
-3408.148993060768
-2499.349767868312
-3670.363423470272
-3541.5687542186147
-4096.299679179608
-3347.857479920508
-3421.782122988876
-923.8064680845858
-5327.665154231611
-4333.22076077647
-4966.104676535854
-10486.447467631255
-91.61200134730268
-5524.321453016392
-2484.1854628345927
-3068.5175172732997
-4732.739945249476
-3606.6096754377363
-3833.33728292447
-3476.964532192094
-5929.989997012187
-970.58783441047
-4273.136762460951
-4686.498733145498
-3589.822504893733
-1389.4116483506305
-1715.3469368773199
-8404.594435349189
-7202.570377082608
-4347.401795533336
-3349.233952542231
-2361.3418507665006
-3984.543585247872
-3973.2437035669764
-1635.5395568582112
-9165.924420693855
-1183.8056680156285
-6047.434763207516
-2946.178409860614
-4982.177994123824
-5018.235824994111
-2976.9804332213735
-3665.2423455885746
-1514.784711350957
-3364.137120242784
-4940.910378007327
-4629.329063797555
0.0
-1840.3629385295228
-2939.600616533093
-1247.1019505249699
0.0
-1407.790086993203
-3593.683356666648
-5498.696795549463
-3994.8622597960366
-4571.524874298399
-344.2699191682096
-1062.2738934171257
-5453.011141074901
-2127.8093261953063
-18294.034792034527
-4880.790811924664
-1157.230145175665
-5209.656644155537
-1126.1608509448786
-1013.6652180502207
-1059.3871519518314
0.0
-1261.4161249032109
-3733.26046914589
-3628.306699825819
-2816.669926622016
-5692.93612858512
-689.4581082537226
-4337.736861196551
-503.47053163304
-1260.120362209937
-3609.592111038334
-4665.621594794518
-4672.722286119926
-5890.275320920976
-2424.4537788152093
-2792.7370796344303
-1442.9390117945702
-4559.197209988215
-58.936019287406026
-3458.4726567309135
-1732.9122894687364
-5479.75706814621
-3405.8604421263785
-11206.674869041522
-5800.220328325035
-4141.399274546395
-5887.876746907175
-5290.566101746765
-2998.847357009069
-1136.8314676312875
-1390.7986749464246
-5842.019402787312
0.0
-5121.002251035863
-3993.351251066168
-3544.3434705938857
-3481.5613237863313
-1514.9039488720146
-2697.659684109213
-2737.7550501597343
-3823.4204611458013
-4141.888340351595
-4252.258791886557
-3547.9755661887452
-843.6224583603876
-5815.8175135704805
-47.49635082067972
-8554.150393102742
-1983.2470002195478
-1812.5865790394314
-2384.764925816295
-25.61549040813943
-5753.57183505009
-2193.558032282321
-2777.6175999819384
-5045.54153885371
-3276.704821333925
-4674.91952707335
-3033.1955748373002
-7350.1791292377675
-1530.8810332203454
-2988.8800029897857
-1228.5240346651242
-2362.702681303163
-2783.2749432471796
-227.58249650327303
-2717.5240686780876
-5357.777481238874
-2952.3041372560447
-4061.205961529907
-5673.461241265493
-4427.742395459662
-3560.271547160286
-5868.6921982018175
0.0
-695.2570858346021
-3520.475257394201
-4655.952053833904
-44.5426867639299
-2494.1373869680633
-1297.2850003075096
-728.3653459099077
-3940.4478786158907
-5519.863672168967
-2363.4680209781377
-55.13480063686052
-4491.245419780344
-3031.6998740007334
-1974.5841942026764
-3704.664819989667
-2661.34719668548
-4510.774281643884
0.0
-4791.127766016027
-3902.2325253478516
0.0
-63.94735553504441
0.0
-8027.633151470065
-1899.1160254442736
-4471.765584150857
-4351.517486039009
-4749.192719052543
-1333.9288736608496
-3577.6358396464752
-1822.5323857609749
-3368.5029705413854
-4482.32288338784
-4041.24164114817
-4060.8147202158016
-2571.611793415614
-2270.446477669102
-2521.387249822338
-5309.303428090992
-1733.8242664855024
-3738.449720115153
-4096.46737567663
-2524.0794733618304
-4171.303336146573
0.0
-4857.260921638354
-2130.543777235821
-3960.1288481261536
-1262.5496196546358
-5036.031295159074
-2481.059756912059
-1302.1927484078371
-2731.4442773113033
-5565.057861630237
-2919.27898893047
-4295.561778826612
-5043.221330669218
-4609.528756680389
-5552.901136031646
-2877.257463114525
-4794.406361765449
-1843.1741967172031
-2241.349357776054
-4139.613188426065
-1486.5064969709238
-2147.5821703509205
-607.9614041053325
-28.638949407874026
-3741.2693370374955
-4218.126984501224
-1109.4872995631445
-2947.1888404092865
-3149.755486608716
-1797.3677808389064
-5899.388916860568
-5717.417804760836
-907.2148233477731
-4176.995755916274
-3940.033921134372
-4650.604713539875
-2083.8810457520517
-3788.9841589838406
-2886.12228786868
-1431.8016349155082
-2026.6218835746695
-2385.0356511580485
-1079.020979161858
-3465.175090614409
-1851.0370314811967
-1118.4328467308048
-2431.6944461058483
-2372.444060943443
-2576.685603447751
-3828.82105414467
-5408.225575538187
-1933.9032252331963
-7176.8221625411325
-5835.403480226215
-1087.281185149294
-2882.9813537465157
-957.8622366736329
-771.4650015364612
-3568.786441458773
-5492.197173256126
-966.5735375051541
-5997.865441504513
-2903.7612615503563
-345.770185641468
-603.9983432738655
-3696.9442814991944
-1012.4984034140435
-925.6780726291779
-3019.5974875493434
-32542.758277441764
-3197.958139603684
-4502.810258309602
-2460.232572521165
-1315.0568547069877
-4473.7848170458565
0.0
-2617.9661083194273
-2002.8079595680279
-975.0195026085437
-2399.498777368617
-8859.063267745529
-3590.944384504943
-4950.147773615578
-2681.6292135734666
-2796.3976259149467
-1379.7524500289646
-3079.776036950664
-2371.6238311275797
-1382.5421017868043
-3289.914587771419
-3086.7454695230526
-2688.304607084218
-3810.4426048760242
-3215.306018879834
-6731.615611458617
-2689.6647405863223
-875.5044015261474
0.0
-3379.5764930668383
-4638.400591664526
-6540.014650199773
-2128.7757706737607
-7630.542101542144
-4475.260077248798
-1883.1274496115257
-1128.1909019084792
-50.04558550603298
-3168.94632739005
-2695.0040162924984
-1507.573409891275
-3683.2874005747726
-3291.409242963093
-295.30487074874907
-58.86497918831431
-1547.9932494399495
-1166.7059476465504
0.0
-5314.019293199211
-4815.808758579685
-5819.150598794774
-5982.131079022476
-25.67597397400824
-1351.014857296732
-973.6792993780844
-3263.216926409449
0.0
-2870.1017893226285
-1982.95734826944
-4816.944153957634
-7436.304829303825
-1581.2901347973736
-2629.003149379126
-1196.681425833346
-1703.1024777618265
-1673.4635448321787
-1228.1784741817723
-2669.366504160952
-3923.852113782592
-1037.8194363989355
-5114.653878188778
-1852.2657853141852
-2367.1283657636313
-1913.4213552437493
-5992.513634708151
-4697.3470298044995
-1976.4976776292192
-4188.559195688827
-3409.596051685305
-3401.6966439486196
-10035.695119894906
-99.5639460566201
-2753.2662033116585
-1349.7376126232386
-2008.5582373628295
-62.166001051064356
-3643.666142042801
-784.1265502817558
-4749.013068923715
-2124.0005720467225
-2934.645873180078
-3810.7899651836483
-2795.8543342638077
-4157.243343147695
-1656.0804950412837
-3378.1495080759323
-3452.486705193933
-3460.869233301951
-56.22576844644372
0.0
-3897.126580672722
-3535.910519193086
-2619.8934194990416
-3162.0283765249615
-1775.4841631888057
-2611.0816853853157
-4681.179346764948
-5122.8045595809845
-9506.625284072183
-2258.1930261348443
-3684.783737768554
-4110.94505582937
-2885.5561774323146
-1466.4197241678908
-1494.4179140731756
-5225.942441791907
-1073.0060279505283
-777.3556454371906
-6980.783705053691
-3799.959057441716
-3880.91070946619
-1352.2061201611325
-5866.850444358198
-2102.8411621860027
-1149.4927219241388
-859.5581347434536
-3482.907841710264
-1801.47295993164
-6424.262870496452
-2638.538566537036
-3846.3024730506736
-2096.353145186134
-5219.572209338156
-1510.2917443195627
-4767.489826510611
-3742.9328234887876
-3257.377401548626
-4212.907822437455
-4129.918611066125
-1032.6161940264499
-1474.6481979357372
-2312.531014929679
-1055.718124380448
-6908.098503670983
-5120.627181903745
-5064.399003402539
-717.9192773238236
-2761.8949588024657
-3841.7669248365405
-2519.5631284909186
-3321.5284115251466
-4582.176633534
-4697.005928797892
-2881.671604267397
-4589.262578036144
0.0
-2121.3509908062806
-4471.463040423518
-4352.0602406178195
-3590.98792162915
-14544.59213383842
-2306.439392427684
-11.40661411488843
0.0
-1961.695359974734
-1770.524447901533
-1106.3242610374502
-3364.856597415751
-5067.508552247116
-2188.434764423194
-4330.812981297133
-1221.9205473947404
-1630.1037523130328
-8127.563383073686
-1340.31004491365
-2639.5758691697106
-4367.771464884364
-3866.129627891977
-4103.483894287643
-2341.0096989796198
-1822.9305789661437
-1583.8345318234192
-5230.538088816139
-2697.6521842278703
-2158.763906174944
-1791.1402369107846
-860.9694524743829
-4277.301795092083
-5311.217157219119
-1637.6778455924348
-2734.794745613281
-2454.5563620810944
-11366.811162657239
-4670.293437033202
-5357.631606579374
-1627.9432468539828
-4516.10965011072
-2894.1514274995106
-4711.0644224554735
-4267.73053016799
-1368.9339279962555
-581.3369236114087
-4477.400047584544
-3264.487879354243
-1505.764958112407
-5690.916411308343
-2383.5363022786623
-1929.5390818661367
-4134.184174722567
0.0
-2174.501137385096
-1201.231924056554
-4993.557120756547
-4462.937595419131
-4032.7416529539514
-2655.9676882111053
-2403.9750240534577
-5051.813509121704
-2248.808038843629
-38.17301399608961
-3037.91853619049
-3274.1626034998285
-2949.8836061444363
-2544.5877513721166
-4329.912915773556
-5821.026567337625
-1069.8810618562945
-1927.9204288002857
-3245.5957386468217
-896.6498255733809
-3471.598971774294
-4752.049165130233
-4973.49501762552
-2365.9898208932946
-2021.8808294115859
-553.6014236672902
-4002.6242374487215
-1667.9065362320198
-1511.244673510533
-1746.7841221075505
-4272.953200737653
-3006.1444701676232
-3535.5088379522263
-4480.702580409619
-1507.7402759490446
-2754.291007718898
0.0
-1124.6461657788566
-2628.4208877021415
-3727.6326888397016
-5890.155431719819
-2809.1002402179156
-3064.6883163081593
-4853.060164476567
-5111.276173666985
-2238.502575554823
-4293.382863030212
-2501.620798906063
-5499.723287352106
-3652.1836511048905
-1759.644933512029
-4256.155086619664
-3878.17918771298
-9502.269061646515
-1977.1652842913975
-4903.158604759825
-1765.9395435709027
-4862.100520554089
-533.1097618283297
-6747.360775112828
-456.1509768727118
-2271.918132575791
-1100.5931896852608
-1935.5317820216378
-4660.119948272781
-3644.3804235620873
-3804.6792389204584
-1110.9912659716956
-537.7955257752816
-3451.011686627647
-4497.221284639506
-4707.022216882091
-2844.8956284000074
-3145.942831192141
-745.9352676329845
-1526.305973505423
