-5230.58681728115
-4152.966466458598
-4248.851200429967
-56.092467512462555
-3965.8432599053376
-4410.544852353477
-1366.2520160377135
-3649.6565582525004
-1960.1797523958564
-12726.184036875839
-3589.595115093926
-2124.7880743469086
-5059.55793564841
-3869.941069536715
-253.83858200960867
-4673.134010761492
-3556.114350236284
-2768.1370560167743
-3186.329582627324
-2595.834614932094
-2812.989406001813
-2441.5992992474185
-3787.1685033910744
-4158.6578423515275
-1974.5166344179916
-3010.8482402413597
-2741.5269028074513
0.0
-2433.631425109468
-3943.1002699574974
-440.9174096539822
-1792.3319633055087
-2495.6440751339173
-1054.269758844403
-4376.392015765452
-2578.8439610152673
-4172.212062173683
-3802.4594888088213
-2921.7105177351245
-68.56607153644184
-1406.4805885159378
-5187.479280997881
-67.34754458984145
-4148.314350670199
-5177.700425800889
-7010.493649753541
-1401.4617924276406
-2403.3410855438515
-3489.5126718788124
-1621.9613058379496
-1030.4667207030473
-3417.2646588454413
-2014.6211383972814
-471.0692305536011
-2756.6184406390694
-5462.298854313349
-4207.545495381511
-4992.871647284311
-867.7889007942323
-3436.558813997023
-5476.171048659752
-4913.025969029946
-2305.5694789297654
-3151.3966528485794
-2223.988767969478
-5666.0679846872
-1479.4453082106986
-3173.2974850541677
-2416.7713914659453
-1942.118983502501
-2263.2674304486
-4091.6134098093535
-2744.746528499644
-1111.3598958953214
-4541.339874846119
-6250.237518227631
-5195.74926931186
-9399.768733552051
0.0
-62.25672582258314
-2306.3227120969764
-1686.6824830237977
-1095.6933857498068
-3720.2502894618297
-4296.579048012554
-5162.428151545877
-4120.430801614188
0.0
-5552.188001850228
-1174.9187601252224
-4387.659901576116
-1638.088800292753
-5324.790727332159
-3370.8872239869047
-5040.110340835168
-3124.1621790996105
-7635.846505365606
-4845.150469484992
-3867.13464469741
-1977.7099899944178
-4189.801006109632
-2266.989258367513
-1543.7895202083241
-3892.5353740499468
-606.0403849292501
-3791.003065154693
-8650.243780165123
-775.4044443244453
-2659.543480487526
-4785.694082639634
-8373.095084827573
-2978.237506729649
-3386.4008471034085
-3794.5302889627155
-6798.377259364187
-66.71670605137028
-3775.836559931007
-3939.2123910986784
-4776.310032703293
-1326.5834660404205
-2140.4915439032475
-2078.0625870309036
-7.160904035473945
-6422.506133212861
-692.6836293358177
-3064.9939938278985
-4291.014169545638
-2614.916764912315
-2932.0595805980147
-1912.0726624837625
-5687.243931829982
0.0
-4512.267821962986
-3644.5203969846484
-2371.339320489273
-4962.153026015674
-3185.2350682037472
-1772.5716793374984
-3668.9419135802664
-3403.9882436810426
-922.2135370648732
-4885.590705387947
-3559.2870830882225
-3081.187145146855
-1735.797653869943
-3413.354591644732
-2881.249853507209
-3447.6354640626596
-1804.068950281802
-2610.490899918204
-2567.779366656995
-2558.0024103305855
-2095.829982561952
-3216.7817473220694
-3016.4584067555634
-951.4316595147964
-4752.508343047966
-4928.698723406243
-894.9173980610734
-1335.9681634161066
-3275.6161004685537
-5323.248097342541
-3205.6737133186184
-3581.600689296828
-1968.7355242333238
-1087.1704110346957
-5756.846383257728
-441.73041218732345
-364.5975921971826
-2844.3476215386313
-4585.021416660047
-1550.3758055997785
-3238.890697883929
-2330.155409514046
-9067.317705511552
-1793.8795506365384
-5155.036882262626
-2679.246251338393
-4533.9710272005295
-3778.419866679931
-1280.9270648107424
-2637.611460961463
-3183.7840920217645
-665.9657206361496
-4173.307641257287
-3194.35284690873
-2143.188177091021
-1312.8900444518188
-5161.744130673979
-5036.314701745022
-1405.7561756976036
-8268.770443445383
-3619.2076942096146
0.0
-4521.775974617019
-2139.4129364503497
-2095.4915282879465
-2091.3682291615078
-3177.684394035754
-3122.0962170925854
-9747.770153195128
-4211.945693392869
-4906.554070083614
-1488.033133686406
-2710.4182868992884
-1763.0017494156414
-1428.1932898519308
-1977.2170000289136
-5827.774705785886
0.0
-4680.796612072337
-2976.3608291333203
-1261.1303905691748
-2478.884116583257
0.0
-975.9127627091264
-3716.443442534015
-2811.2515038188853
-449.0013082271346
-2858.5291046076345
-1975.1135863241852
-1603.4484951421746
-4460.7195729652785
-2930.8416911568647
-2807.781378325549
-4204.4701028892905
-4130.689291821039
-2578.6143377593194
-4009.2218147727376
-868.3452500464911
-2613.1205018354863
-3170.138423533066
-785.5955314944168
-1986.8452274659576
-3314.238655163798
-2386.8238311967866
0.0
0.0
-5623.158919759434
-4254.27936948176
-2756.9522806082323
-2590.3353770464537
-2882.9522572255255
0.0
-1029.268675168277
-3478.0670394315225
-2923.8450104260214
-3377.622608354925
-4516.821059398462
-4594.0415882639945
-4865.444966835672
-870.1538196286001
-4362.558659015045
-2527.014653247703
-1182.2547359826717
-1633.7521754872403
-3918.2512637899454
-1726.6207985142396
-4089.668478176325
-7327.959412508559
-1534.6300958128738
-1622.2931077198748
-2861.0269424547223
-1207.7688336888702
-43.869372417141896
-300.22968468600084
-2835.143128141966
-2825.470043514227
-2049.480943308747
-5344.617850670668
-678.6666006529529
-5197.669555859795
-5096.090049881285
-3712.476818752264
-1722.3902591513813
-3084.632889314295
-4613.6598648143145
-901.0859062001651
-2150.7265637702726
-53.11021373093932
-3500.4824536346687
-3308.0574228971204
-3774.736419931638
-4756.175633315592
-3828.0985158662274
-4825.209495216159
-4374.154235624314
-2223.258430294931
-4905.998573456817
-1485.9759168384296
-1345.4472056901232
-3778.548907289048
-1839.7211908248844
-725.7836050187635
-1951.0507758718215
-1041.3712515388463
-2958.9732132753243
-1949.1329033703275
-898.8419217215516
-1161.1019382374507
-255.0878769395307
-1251.7238534872197
-5104.659495963228
-69.75722215822842
-5009.274010200714
-2725.841828916526
-6823.073438442163
-6452.778631904256
-7.9915503261798175
-3779.9465083216664
-3157.0409963998936
-4421.730811745365
-8293.329075126943
-1641.612917773569
-2537.126645761923
-1698.4892363434608
-4073.9071523111734
-4479.450409845324
0.0
-5572.247472730374
-3930.538483418287
-3305.4890856974052
-2727.1202050054285
-2870.2933573860732
-2472.7326745848636
-5302.958570891742
-3512.612200184119
-2633.6577721810604
-7.160904035473945
-3529.2527293637822
-3392.8524251346466
-792.2607918094726
-2593.4795398384085
-5427.604349540177
0.0
-2153.025805054944
-2400.7007117839585
-4276.870822437471
-2603.900638176033
-4082.705005079671
-6188.5867343514965
-2505.7090864224433
-2887.126807900304
-521.559049207858
-3698.1237630553005
-1029.4193972227636
-5368.36606162673
-2671.6058512628774
-5134.582658557678
-2937.719801767601
-1373.4267381860377
-3282.9466388356136
-1529.6362098351426
-4946.384961572309
-7657.4916171435525
-4072.249685981918
-701.0868838042078
-2955.32527086632
-2945.2474102793635
-1880.1147148483865
-2145.247297220066
-2307.176734745594
-2413.0422593381904
-3690.9401720103037
-4047.3990005500987
-2555.7461389077253
-5224.226096291298
-5177.846850334218
-5163.9936621915995
-4760.951062441222
-2522.247395639702
-5161.986694163742
-4067.7658639906836
-4578.904471391222
-3496.584208230449
-1598.6364578167265
-844.9731563064041
-1127.8076396451004
-5384.3650917791465
-1917.1968042395827
-1211.3792935402191
-3405.913976672392
-2232.552829692411
-3520.7228233903506
-1775.6217794180754
-3577.1026236379926
-1946.1616104519185
-3888.6651408613448
-10854.514709086521
-3760.05059423007
0.0
-2732.6886540684104
-15181.30547822533
-5009.330454962126
-621.3269026416696
-50.11245491135523
-4861.411341403695
-4860.275617413285
-1898.3325935084765
-2771.276657649917
-2754.776556649775
-4789.391776500114
-2380.78387477836
-2416.935663640206
-3639.386716173029
-5056.157316061171
-2685.3581984478337
-3024.7200777217604
-2063.2394061308632
-1369.5504975585093
-5433.932479743294
-2509.6071962118126
-4330.807175152477
-2976.21954636557
-831.5113849513061
-2614.7049003776615
-3018.3973736868484
-2115.7289913740988
-1273.8790102694734
-3560.3894060283897
-1039.983311566345
-580.9482189685056
-3312.0477964760953
-3295.72136985515
-3790.3724128421572
-5424.681970897531
-2956.4034994712397
-2582.6332458259417
-3205.6234965597287
-6206.366934330451
-3241.701778948171
-4666.086606784211
-3624.975659208504
-10413.464620438119
-8343.775061114555
-3564.274900056268
-2437.8926014661456
-1026.649613356365
-2389.9666781095784
-3096.072101728377
-1928.0998533875322
-683.1587646587948
-3571.66937647709
-2011.3321646093486
-4450.153504674878
-4621.712806549023
-4933.039707120826
-888.2642166878007
-1273.1581285707214
-8618.272645731606
-803.5157605445498
-1818.5994088973382
-3339.6249172298026
-5069.699780365148
-2794.4547373514065
0.0
-1617.2880129467753
-1034.520238659952
-2980.0046665350546
-4450.914452092767
-2720.724257764814
-5219.684951384443
-4454.387188417426
-5557.961151558202
-2384.3980825127023
-4192.803921165288
-4649.474271671108
-2723.410858359199
-5605.842804256293
-1288.3385724086422
-2414.8334270328055
-4566.055577293479
-3806.1365431391523
-5473.921437332721
-1220.02462533422
-4121.791186596093
-1009.4227674766714
-3629.6802337617237
-4823.227586634251
-4010.9869238632027
-4970.284015769933
-3600.8353823631646
-3851.74636606753
-4127.133470660112
-2365.332158525603
-4858.581836276386
-7717.2279406994285
-4533.560499663358
-5404.942900683759
-4383.987517779676
-2626.6701189692335
-2342.052341603302
-4296.333732960344
-3891.049066928937
-4168.9490885513105
-5002.650347292619
-2868.3498248240962
-3840.811200521948
-5906.335167007488
-4742.780802965936
-5150.326347955529
-1836.4049769572448
-3809.2612049442523
-2426.3464627704966
-812.5819322897403
-2710.0936089963666
-6978.740069678491
-1393.904792042953
-3042.865381092803
-5581.180054490024
-1062.516030992037
0.0
-2519.3149352737
-1909.7229251645397
-694.8362855143619
-1732.1499813818723
-2077.889826316652
-5973.277551786923
-3582.547053798851
-1606.186393145731
-4209.123881811435
-4684.467741894689
-2815.200518838777
-4894.750056451061
-7856.512204062019
-2050.5700472312096
-4102.097484017848
-3690.8869227553523
-4569.801255001446
-1033.5468866963065
-2940.9862381382354
-2457.9699857141263
-3347.3623400305596
-5454.3218188310175
-2501.1969362012837
-1044.125553385383
-1288.8509806181391
-3929.6980760393835
-3895.759779955395
-4988.794739686044
-2645.85245542316
-1361.9160828994568
-1423.5795505293224
-1325.2936363632912
-1416.8216507798857
-2105.4444945333257
-1660.2370295841463
-2641.153654438377
-3356.464039166776
-2887.501258432276
-1099.7803067545804
-6403.811860829345
0.0
-2387.4692514407266
-48.55753620813672
-1054.2999505400612
-2909.94865124246
-1736.9033543080866
-3749.3463305170444
-2837.769856622242
-2386.6920255213477
-6715.68559846927
-1824.6357548903663
-7352.867868534328
0.0
-3351.2473680862977
-8.103580743246303
-55.73617199189167
-2220.4842470465614
-3839.7248692827684
-1969.4809001807448
-4847.7535644824
-2596.060585154255
-3133.827737233374
-3371.782749190076
-2491.1039301851965
-3694.1352462180116
-3528.2826284033313
-4094.6312330754113
-3364.746280461323
-3413.32990520759
-931.4000850615953
-5162.979878533932
-4356.908292921022
-5000.171452166628
-10469.98665372026
-90.0784970412956
-5565.353619244456
-2485.3075855019833
-3087.7758403559874
-4581.322191540136
-3637.423296237029
-3798.0945150167813
-3435.965843576395
-5849.10243867686
-955.1381808981596
-4275.860479998743
-4659.323689906446
-3561.6296245693343
-1397.2118363879924
-1732.8770878904163
-8426.687588445386
-7065.671428519299
-4295.094891697195
-3293.2640586886755
-2332.454943833504
-4012.5419811207544
-3989.3303926504254
-1635.0759857267199
-9068.008500727039
-1183.0757498112705
-5856.021690145862
-2938.286898007337
-4948.462325205783
-4916.025859676206
-2913.2022642104293
-3525.0841081371354
-1489.9477458666724
-3178.2915174936556
-4721.518074938536
-4456.886125136578
0.0
-1837.7580979116385
-2934.021169458783
-1242.3690526417938
0.0
-1405.4651169666429
-3583.519976321204
-5440.257008466959
-3913.2389958575886
-4480.586426716045
-354.68705420724064
-1055.2762030152157
-5130.1274450397805
-2151.9243211955695
-18228.07923635949
-4846.114264340772
-1148.9677070030382
-5202.431546025271
-1102.856202312256
-1017.0593580001853
-1062.847909044769
0.0
-1253.9090787033638
-3726.648960170796
-3618.3583273689405
-2847.0599270301987
-5680.774268013164
-673.2076670326736
-4307.188469365026
-506.6336340828245
-1269.8444545331265
-3632.665295224795
-4632.359847755583
-4657.990064670473
-5859.483433568904
-2428.29980713932
-2740.164826945403
-1421.341878757763
-4521.062302247388
-56.82090361999734
-3449.2086202154587
-1722.008332672202
-5428.456900053661
-3320.343635351442
-11086.204614012826
-5796.638444530735
-4097.557129036705
-5848.177743655576
-5242.282520188192
-3011.938398324685
-1129.3535546812368
-1367.6747288264385
-5606.913821554877
0.0
-4903.472755042208
-3835.967881902944
-3555.4776315955232
-3257.09322131499
-1511.8548831433297
-2653.350643370147
-2633.92833417421
-3778.004993297387
-4084.974866504239
-4205.400450542779
-3517.285027629464
-901.225961905579
-5576.671515256889
-48.32279709174534
-8423.8796300206
-1971.047421409782
-1816.1640981486596
-2382.5505544334274
-26.177124792856297
-5645.901483101219
-2168.0441348665972
-2778.340625583358
-4946.198264172212
-3281.080996463382
-4706.311562494322
-3110.7463066226082
-7309.243705392161
-1539.5849065078087
-2977.5848716087744
-1221.8903919800252
-2318.255472241606
-2826.4892785912193
-227.04183712328012
-2756.2301152066048
-5243.059419781949
-2991.77227827801
-4042.2620370277186
-5644.014394195048
-4360.617636518689
-3552.402138962918
-5760.3771234671885
0.0
-704.3230985342077
-3511.465278836645
-4477.00576247913
-44.969242074910696
-2506.660402506774
-1306.1245102399828
-720.9882970796342
-3950.280558609744
-5471.068586672028
-2366.9025307814436
-55.4252851026096
-4392.479515132499
-3052.9731324479567
-2012.8030602367267
-3751.861130756825
-2691.843647866566
-4489.230767011409
0.0
-4770.146543546598
-3875.9421143914137
0.0
-62.93415860341005
0.0
-7934.151371280774
-1894.7873849547161
-4278.107984844342
-4360.136017957606
-4659.327362809686
-1314.0615640037042
-3579.482593039723
-1818.7231834991462
-3298.5240417081304
-4336.046741824283
-3959.559114065285
-4037.7987634213314
-2588.2308984979963
-2291.4777104884233
-2543.266118009302
-5265.400775971808
-1705.2064440720878
-3780.464980250906
-4010.4142121045566
-2445.4182237798354
-4102.077774443963
0.0
-4754.486463488517
-2137.046095285316
-3893.3334999820017
-1263.5307520014173
-5045.070381551133
-2481.5803003742517
-1289.0274626952657
-2700.278381011608
-5515.733325550165
-2910.63084123342
-4284.656157120466
-5000.295847655598
-4509.929695240269
-5583.803127833444
-2811.610813925437
-4672.767426311287
-1837.333614173468
-2188.6160088722095
-4106.998660741529
-1492.826534982738
-2224.2401092253112
-599.4446498083537
-28.23485790362067
-3752.710140204456
-4202.869393917264
-1117.575024950334
-2958.6548768063567
-3147.5318798184876
-1788.2007415153496
-5920.372091625248
-5640.894450809435
-886.6482171061641
-4044.6991244797987
-3882.488052159955
-4636.736787503205
-2024.3443164513385
-3771.733756475828
-2828.339490036228
-1441.0171998185647
-2064.8533359004537
-2272.9858853725664
-1062.719587164063
-3461.322302717613
-1846.7037043276566
-1126.6769332814881
-2399.144441451216
-2376.093079953588
-2561.059520408564
-3841.670108604704
-5303.330954103282
-1937.8701851511153
-7158.902263208992
-5708.019820739323
-1097.499089106408
-2803.2102835513683
-943.3523260049202
-775.3090860293048
-3532.8360005059353
-5375.531227672724
-963.1609909178956
-5807.503091509024
-2845.3012212042163
-348.48380533108684
-602.5969493529091
-3601.929718692469
-1016.9989999999257
-935.9642810978328
-2982.398355162783
-32356.0595989886
-3213.8868484089767
-4486.832507620851
-2441.7255027179194
-1310.103662479538
-4402.978063062451
0.0
-2620.6211947902534
-1985.0869381424875
-963.4698635445219
-2410.755039104811
-8898.061681175186
-3476.85049202425
-4722.395624231245
-2730.74379462211
-2759.7408264835826
-1378.9794030705552
-3068.4061496759273
-2444.1329516800884
-1385.0065982514816
-3137.3974058948984
-3067.7712681353255
-2703.500419734794
-3787.000227434329
-3174.328625035974
-6637.621224746664
-2741.0211496439006
-871.9779766256604
0.0
-3291.783291080968
-4673.984571340592
-6598.226644820907
-2146.2057820908044
-7481.252902485565
-4245.54206389044
-1820.7122766646353
-1094.9872638508718
-50.02771135692743
-3164.5266002923163
-2696.801258680145
-1498.9472713607754
-3676.732757568944
-3305.319856105848
-307.02186949488583
-59.485129407977574
-1551.7159094424744
-1168.8782771078952
0.0
-5197.499283915941
-4848.359271976657
-5639.616052524159
-5786.114512645521
-25.30638705174364
-1332.1838593258747
-967.7281583330165
-3241.9802311863996
0.0
-2754.9692882708464
-1968.628967915478
-4731.645288434797
-7357.707514344717
-1581.2551821425989
-2546.133936728192
-1195.8768818959966
-1721.8745946920524
-1678.4997322191618
-1223.3162244613952
-2678.2242889789827
-3984.939961877105
-1042.4666472368262
-5109.601154946886
-1824.6026826947311
-2432.905780541887
-1923.300271022905
-5943.8184094470735
-4631.87024556821
-1956.722308092579
-4104.45249127717
-3423.3411685569545
-3466.4352121168304
-10023.121547106133
-99.7878945508562
-2728.898091293469
-1345.2444266628054
-2035.1318207369102
-61.82932422952841
-3624.5786436064313
-788.0817717609445
-4659.035320009664
-2119.6984412022653
-2872.47682188264
-3974.1697862881124
-2790.0540833261907
-4115.627074542707
-1641.7847338464683
-3360.6742418968465
-3288.685490238054
-3496.8730058774245
-56.187116811298935
0.0
-3906.1182827299617
-3372.7568718706275
-2629.565183673847
-3160.4479426735365
-1757.6092538520877
-2596.3454644824556
-4590.620280992583
-5023.299146329806
-9464.972713211879
-2171.663192252478
-3664.627168810089
-3882.4090108574496
-2882.074220399858
-1442.7078746374407
-1498.9639985215192
-5023.055838163578
-1075.0679844366955
-782.9802762459293
-6968.420382732323
-3758.863900702808
-3795.215072991806
-1350.6757198005546
-5735.795778806955
-2113.0932462863434
-1125.060808723125
-862.4780396331644
-3430.4550418267904
-1785.9888873214993
-6396.057405524468
-2648.486190813863
-3666.2056081921482
-2091.3819664399093
-5108.725458283181
-1525.042075942368
-4780.569525569339
-3775.7676323544824
-3223.5470550951472
-4141.276015080043
-4049.3573997106437
-1012.9478089166058
-1466.061952191509
-2318.9873862231216
-1052.171512252465
-6838.454768140445
-4916.439531450258
-4997.164606410454
-726.363373042492
-2766.412034804351
-3791.7798846004207
-2483.8875912244443
-3237.4437009834824
-4660.825966907758
-4506.283974979082
-2871.4455584339294
-4535.7518857552595
0.0
-2141.648063476587
-4448.296377462178
-4267.611188014787
-3563.530310638543
-14569.361423347493
-2327.965214897895
-11.638990523729085
0.0
-2006.3368076675442
-1771.2680489579839
-1103.6903322128862
-3377.477889065678
-4964.25007383692
-2184.0843628645493
-4134.806347597383
-1214.295759815447
-1644.141574389811
-8054.899816952645
-1331.0323745411877
-2700.2156512309725
-4384.263870389889
-3698.5277335662677
-4064.8951961236403
-2265.5090445637547
-1822.878694582186
-1614.5384241044285
-5239.903358528526
-2650.734682578869
-2160.9332068252315
-1797.6739295910638
-867.6052174102599
-4326.6467954849995
-5114.997175542967
-1675.5745611823731
-2752.34988927383
-2443.702179830364
-11310.367808080095
-4582.028048033041
-5364.99432104365
-1629.4389278752085
-4483.467138069398
-2894.304665705829
-4695.546050652041
-4259.160912017453
-1346.8894799458583
-583.7191582915473
-4523.80950274949
-3177.1141442688017
-1496.7261135377075
-5434.426884069318
-2404.1928143768023
-1932.7936993547726
-4068.9979982902323
0.0
-2138.8747521357723
-1183.6619640578365
-4996.330985291278
-4422.471428046128
-3955.447783951584
-2698.585474042933
-2389.4463605592837
-4961.449753303238
-2341.393379571423
-37.97231588278157
-3121.3586260680163
-3269.6395658172173
-2876.649205100135
-2595.7526879287125
-4224.926358989571
-5754.155959929771
-1074.1205682033967
-1975.1645924053628
-3089.5942269413276
-896.3390938200549
-3412.824552147204
-4699.398904985172
-4958.030865095874
-2367.9518247921837
-2024.6434187764733
-551.8274351747069
-4043.1699192680007
-1661.633178625453
-1509.9895960779236
-1730.0818051297726
-4281.557505375923
-3015.5061604623634
-3589.1103003654516
-4306.845343030325
-1500.0355929977547
-2778.990734934151
0.0
-1134.9181437681225
-2627.979231110308
-3674.6867925969764
-5838.42398397277
-2825.799302021452
-3060.5862772285805
-4799.830615838632
-4898.874400972407
-2235.083263672407
-4203.026151002111
-2522.5757058143035
-5356.862527227339
-3687.536258886262
-1745.0166373103693
-4183.112618525178
-3875.1089075643317
-9454.85902172228
-1980.1444856935134
-4806.550382113753
-1753.976640431284
-4799.26344393515
-533.2901520644384
-6488.895994106184
-457.8243374307732
-2260.269424667553
-1089.39302609929
-1956.621500453263
-4679.7031968663105
-3495.350079543068
-3593.756819413275
-1106.58163986423
-534.7706256166771
-3303.2981256250314
-4455.400430594483
-4692.01386653523
-2848.2798732727233
-3151.205742698814
-751.6247041131127
-1518.1856937427779
