-5444.379960955663
-4218.335639613708
-4293.993384339588
-55.041201371734246
-3951.141268971065
-4719.014943881701
-1456.4414891780314
-3735.1637760195413
-1964.0781885944216
-12874.291165740497
-3629.969064366242
-2032.3104388260215
-5261.634679459347
-3898.5212094700373
-275.4881931909771
-4655.583055282199
-3892.9535909652745
-2750.0342594112103
-3226.5486797140697
-2602.2408085918505
-2849.028093566562
-2370.6916575475498
-3897.0966735635043
-4285.976288200664
-1983.9348119519796
-3070.8863237972105
-2796.4055462048395
0.0
-2445.7996302727174
-4188.1875685676805
-470.2410221171682
-1856.8799351963644
-2544.141846440363
-1135.7125120402663
-4600.354205915123
-2574.597717341816
-4202.239198825524
-3887.577994943613
-2836.870026488722
-69.79545968032402
-1552.2310559824305
-5196.195491903015
-66.86270283971041
-4125.701133031227
-5364.7104913846515
-7101.6536193881375
-1386.9846683758199
-2426.3083302445752
-3532.3420205491507
-1626.893083566024
-1135.4196901595121
-3720.9454211385296
-2153.766144984589
-499.725832547593
-2787.8445970991343
-5666.338513075031
-4239.334610081271
-5232.406935179672
-924.5604501478098
-3571.0572666855765
-5654.050209354103
-5001.029936890843
-2451.3841629482017
-3283.688868920982
-2280.3620994799767
-5870.635631522953
-1493.3484036663267
-3198.7028117189116
-2429.987028555327
-1942.7565772745832
-2425.6380836798457
-4168.26387207401
-3021.49243301663
-1083.090387877822
-4643.284506763214
-6245.550435052938
-5386.311030814884
-9547.737625820342
0.0
-61.92050914174402
-2356.0002957173147
-1659.075801426869
-1109.2412139092705
-3789.8963364577758
-4657.886343887171
-5184.114391213478
-4113.442303368043
0.0
-5567.124872027275
-1244.5312391531004
-4382.009788104165
-1627.0947348198108
-5378.31393606243
-3423.9593203230106
-5239.587423728657
-3392.2180063493493
-7623.426395989384
-5025.753499366732
-3890.7633062998757
-1951.8673827759123
-4198.663907709768
-2494.480272119903
-1538.098175920353
-3949.9340545269724
-609.4364396926877
-4122.832226264285
-8680.80321030056
-786.8030307733379
-2677.241223739917
-4865.101203113948
-8474.995333203025
-3006.98564449999
-3403.145005289148
-4020.3457716410653
-6770.583902488012
-65.94459945655655
-3791.7548651692123
-4219.055488790711
-4998.461888351654
-1354.034451912114
-2155.3723776012885
-2092.8958752328654
-7.116172277396009
-6520.247141808121
-737.3354071409177
-3087.9986082417136
-4501.786309088782
-2552.2388216183153
-2947.1532820994616
-1920.3612303721652
-5694.080958049035
0.0
-4713.579971905476
-3983.870657162685
-2451.3378670905317
-5148.982792427516
-3119.710561305432
-1808.505238380174
-3814.384743600947
-3470.299828833551
-941.7970912935762
-4944.673125460023
-3698.5411669807895
-3221.40046079055
-1747.5394702436554
-3466.4286475735903
-2866.3499250613067
-3692.3617677640273
-1760.4611090619765
-2738.5747566808386
-2549.229979489801
-2551.007759051239
-2062.347238394956
-3339.6033453154387
-3125.2687968859595
-938.4763701447055
-4775.242590714035
-5014.415316634471
-976.008634675365
-1351.9023112136342
-3274.6493929673356
-5542.684496098409
-3262.5777800787682
-3626.156282521853
-1978.1986174559584
-1090.1267233657666
-5938.787036819782
-457.08203290661334
-366.8050407608437
-2849.737198236423
-4510.014051021498
-1549.874232495647
-3519.0768338609646
-2329.9634205104912
-9228.120223146949
-1772.5071320435611
-5408.293352572007
-2729.3509606516927
-4602.075675137517
-3839.455681458297
-1285.101905454919
-2679.369399958594
-3233.5626607367735
-662.5877787086306
-4319.548797798546
-3271.034938414084
-2202.0138405271314
-1318.109438386964
-5190.46866066013
-5088.586183188697
-1391.8444441362944
-8301.863544648279
-3526.573821878839
0.0
-4611.792876854137
-2124.151905529868
-2143.1648081238955
-2115.3119252906813
-3209.238201031622
-3127.8375077016185
-9838.646107050177
-4275.316214036494
-4936.455233020224
-1487.0419328697894
-2839.585373120506
-1744.6260990565445
-1452.2676038417208
-1998.2795031494054
-5839.457388025167
0.0
-4920.574359994484
-3068.4215951366787
-1281.8401860492172
-2498.7569217940013
0.0
-1007.1279080575987
-3760.8860207556854
-2824.0855261072925
-450.1418570090452
-2833.9044145868156
-2036.0565235455508
-1591.4627779174941
-4709.757492078153
-2951.6953891778544
-2900.390346951649
-4324.281953946979
-4158.946522700882
-2668.4165343992595
-4354.972826940725
-875.1214423273892
-2719.319550334479
-3227.725157080419
-816.1089900676303
-2016.1856891357925
-3535.6812450502944
-2423.213644082019
0.0
0.0
-5777.741163798579
-4235.750680326054
-2749.604090758201
-2595.029931775793
-2952.560379763179
0.0
-1036.1708389967278
-3531.192317857672
-2958.7649917984627
-3531.777464306891
-4566.042361026692
-4575.767924461614
-5094.872885058747
-898.3047770992326
-4392.70626603033
-2545.9297996674113
-1188.480651612037
-1630.1635647252897
-4131.995215853227
-1764.1653985844118
-4099.90318388091
-7404.525971440406
-1538.1078446081367
-1639.0165918914201
-2913.037640039552
-1222.9001713130983
-44.461747817848945
-315.7775676825458
-2874.916155010684
-2870.755367149912
-2101.2113810945802
-5555.917911789467
-678.9513079434811
-5215.013955457311
-5175.955857543448
-3770.535662003357
-1789.1112196003965
-3122.3857570032073
-4840.118891706481
-897.8290333012927
-2355.7828782188576
-53.821667695247285
-3577.7017551472886
-3306.457072920527
-3828.9383277148777
-4936.3953246516085
-3832.554322818098
-4989.172297946167
-4371.196482579922
-2398.0309262200876
-4942.530573809095
-1500.605931856749
-1320.1410001014024
-3777.362358206413
-1843.4980963168775
-723.7713734527258
-1916.0407562479463
-1033.1940299813757
-2967.714072346357
-1997.9238987585825
-884.6047968753687
-1160.4176138704468
-277.6000579492645
-1240.8259727508243
-5135.305444008279
-70.5663249459174
-5198.717686669261
-2817.494110603365
-6907.995501384912
-6454.802650104139
-8.064587703318388
-3788.0842328919207
-3176.1166301421317
-4627.90857214757
-8475.744448779635
-1606.704623341705
-2561.5418349487395
-1708.7163379042922
-4094.1781985531784
-4691.9511319157355
0.0
-5668.563484469519
-4202.320180213331
-3373.1705898701102
-2725.638271808392
-3069.48800034132
-2440.332239815866
-5338.129853928109
-3805.6129422078216
-2668.6101481803043
-7.116172277396009
-3581.5081739694288
-3440.3722739066607
-841.121795884755
-2717.107587746829
-5485.530253258583
0.0
-2217.4208802846038
-2432.8645960738077
-4265.086432353701
-2683.690695840729
-4135.255142922849
-6333.81556727136
-2506.8696724380666
-3134.7607510071552
-547.9255907508159
-3984.8175866040706
-1048.0418913833057
-5523.523988785449
-2722.1543001105642
-5391.672764878513
-2961.9591108760574
-1417.076317218453
-3335.1324017547213
-1582.821380518214
-5096.805303073832
-7763.726931180352
-4139.798337947385
-699.4057188622311
-3056.440509780266
-3004.139509468818
-1894.806763342469
-2195.7642892545837
-2427.4878556699664
-2446.4389631138447
-3790.691186104714
-4038.407069297671
-2568.3366772008167
-5352.71850303847
-5177.231175906187
-5186.7835013677395
-4879.588157478059
-2540.5590574650596
-5377.265816993656
-4064.8765773993014
-4711.73056298696
-3493.2356439743444
-1714.9989813531852
-870.9118694925288
-1122.4036216339077
-5467.109288220544
-1922.276476250545
-1196.160136604262
-3473.582111065337
-2290.8406641342
-3813.1002882782086
-1759.4628459589037
-3591.113131753962
-1939.3133977650655
-4027.446837935881
-10904.015246893954
-3721.622980974786
0.0
-2868.4473547887937
-15333.358616414926
-5219.947273846304
-635.864877810747
-50.3616196174124
-5043.224294615288
-5072.105795915687
-1951.4876795772232
-2841.627834668653
-2807.8829539092917
-5128.71368007036
-2548.283726636353
-2452.673817840533
-3725.7852861594656
-5435.585362657715
-2685.733524558628
-3010.6377714322753
-2090.95652950183
-1402.1173941831523
-5721.000241717991
-2596.481314863064
-4342.565061271456
-3007.853448579741
-833.7175606772266
-2577.9329985786567
-2953.0736540715025
-2095.1987693789315
-1289.305672774001
-3571.757514738641
-1007.8039106408949
-606.5223987141442
-3368.783286553119
-3316.338442852468
-4098.327322837102
-5622.710330361673
-2958.395251400184
-2660.2149230448344
-3226.721769009197
-6255.134341587999
-3357.76443836558
-4676.645881667833
-3665.3451051558573
-10422.342507715788
-8509.399377306136
-3563.5677389359544
-2521.581828528413
-1032.7116569339087
-2404.322370536124
-3357.8102062718035
-1935.6913735795565
-678.5079211996432
-3891.6890613348437
-2034.1272024598245
-4535.124386406615
-4624.756974678041
-4946.42541679667
-908.1602519308178
-1335.81198713671
-8771.698033852845
-800.6690968677012
-1827.308326570798
-3627.8962119774155
-5142.112736050083
-2796.286000115709
0.0
-1649.3490102255257
-1041.310254005926
-3009.411997834136
-4676.865309522815
-2739.1540610688835
-5493.173550871985
-4509.728854888161
-5773.356587567634
-2416.1767813137812
-4220.915675808564
-4624.877163002456
-2710.9948630539543
-5607.565536024336
-1315.7853053160322
-2407.0002583193973
-4748.441725437294
-3873.013790613538
-5697.253499287746
-1215.9778439788788
-4128.766279286542
-1006.8091680129164
-3670.049451340244
-5028.956609254246
-4176.205721351457
-5180.693692303609
-3625.9071165365954
-4120.8432980578855
-4412.171569816301
-2471.2759589543098
-5043.005053987958
-7768.470644350457
-4756.388559144924
-5711.577893563634
-4374.527850796956
-2630.566807519639
-2399.3238587931896
-4322.743835415212
-3919.393987134216
-4225.45108592044
-5031.608488163933
-2868.5566981226616
-3887.507073425951
-6087.37563819972
-4751.22804271823
-5392.70219198952
-1844.0972620316932
-3887.198774063822
-2517.3085921126867
-858.8274664795247
-2831.263159457461
-7309.426216571739
-1403.9559495545086
-3038.7721196787384
-5661.937694858558
-1064.9996768825106
0.0
-2584.5950454873105
-2054.2618294905924
-711.8577671362616
-1722.4629512754375
-2280.9542413901436
-6280.951324618698
-3587.5237635411722
-1628.0840267026547
-4209.272816628897
-4963.707963452767
-2779.6889925019336
-5043.157635481606
-7912.986471527412
-2129.244430778104
-4072.3781693541664
-3951.6783703526903
-4555.097998292049
-1156.5762595176668
-3012.4486786288535
-2455.6938679014665
-3438.4245758647867
-5663.731685079482
-2539.18643573252
-1049.084649215632
-1259.467025992589
-4087.8878102744484
-3915.237875213161
-5068.895512645802
-2641.6343567602053
-1427.9354747469508
-1468.8977973193412
-1373.920262761641
-1560.9266046617236
-2156.975801297078
-1690.9769952078068
-2770.123463890432
-3578.646841949732
-2878.9988314781526
-1060.682623892059
-6511.912630024122
0.0
-2432.8167748583346
-50.113571859908376
-1063.4735981557392
-3069.664269404171
-1771.5083444350573
-3808.141415974514
-2846.4595078337748
-2302.850365781594
-6784.412989986886
-1894.7535301034827
-7360.779852599108
0.0
-3390.8890555672388
-8.261618037286427
-56.00618735018982
-2259.8597735813623
-3884.142375751823
-2095.5593250565735
-4925.067537098605
-2645.2666088990827
-3158.7110295608272
-3483.93175451073
-2452.0827096169846
-3716.783822840671
-3524.3082155748784
-4135.72117050198
-3393.191685332249
-3379.9044306572055
-918.9708877909219
-5367.309412224881
-4367.1603687028355
-5053.512148137413
-10481.10088817676
-96.2146143970478
-5619.380675421048
-2510.8773902729145
-3110.941067240339
-4854.329432250013
-3632.5711382169934
-3904.943268332366
-3530.742292435958
-6056.378444615623
-1134.9730077715833
-4340.60995639547
-4853.840536729897
-3654.0352721617787
-1556.852843657818
-1727.3702244916026
-8414.95013280406
-7238.97386715649
-4378.590616731639
-3404.983177695273
-2329.0057011460794
-4003.2920074599847
-4028.5796616295875
-1664.3501113113302
-9212.57152133542
-1193.3892901530496
-6175.189976085384
-3032.6019052325737
-5108.323213394091
-5149.633076978834
-2987.4433964202403
-3767.6102587747732
-1495.3487564797406
-3495.9740757297664
-5102.799848538702
-4641.332583858355
0.0
-1934.4153981491006
-2933.7291259535104
-1252.9422556832674
0.0
-1417.6256899277032
-3705.8296594370904
-5494.628634917264
-3997.5415498790753
-4581.283297878823
-351.06221220172944
-1086.3915255248066
-5409.535656402711
-2094.9223936135227
-18314.523003120008
-4919.714274492468
-1157.0194638017313
-5421.787429000907
-1125.5539634835732
-1019.1859800882515
-1146.7506340463096
0.0
-1243.8925478348522
-3827.181350336527
-3792.488432175454
-2751.543739106805
-5690.180715158315
-675.6079858867535
-4385.72131100529
-519.1995836613078
-1275.076873062297
-3666.022570319731
-4709.88465950201
-4744.716655099387
-5962.091359284259
-2510.363211818144
-2797.5749591977537
-1430.01584274718
-4581.035395071239
-55.50451913025979
-3425.5710108550497
-1792.8710490080011
-5489.847949816906
-3313.892869267409
-11212.935647507618
-5827.73416900661
-4150.830079688342
-5899.764782521079
-5315.533482191829
-3006.3914972241523
-1133.7720629200614
-1438.0609581203369
-5758.750572673028
0.0
-5205.577804170856
-4136.019861723112
-3531.7809187685607
-3489.0265360994263
-1524.1557621944537
-2697.327933226478
-2757.155058298684
-3831.444103662789
-4206.147232179976
-4272.480618920032
-3510.713992768045
-901.6532614797568
-5804.079019241726
-49.03725095206499
-8611.978558481005
-2041.2826981016983
-1925.3506747362483
-2421.847497392887
-24.901323462844758
-5821.683501630814
-2204.4452972414183
-2803.203415996864
-5155.672663377857
-3288.673767456814
-4717.34669724051
-3114.115063851944
-7347.185820120967
-1454.8622974391094
-3028.304187515533
-1277.6203635543984
-2313.444177233637
-2881.900649300829
-238.96705497123986
-2807.4158333390656
-5466.621451623196
-2993.2738506067394
-4058.013050967046
-5666.555690458442
-4563.5612942137395
-3571.7915425537954
-5949.831434647502
0.0
-747.4284457752464
-3547.514147202166
-4715.623071053879
-45.67126909095428
-2635.7267205905596
-1306.1082639724507
-737.8082338766634
-3973.492308438327
-5439.846262979373
-2327.3503420407346
-54.69161178173861
-4614.818978074458
-3075.6789890742725
-1984.2889453955006
-3800.200590499525
-2713.0709839246806
-4669.124629520408
0.0
-4835.914913670622
-3904.3652464127263
0.0
-63.98559096467068
0.0
-8102.293867185937
-1905.6150856779227
-4493.992408873027
-4407.393457790665
-4828.144382539668
-1323.4590716286875
-3599.5665553962767
-1806.4305791201587
-3358.8459662074383
-4669.390819227609
-4070.6496260881636
-4093.6369637317725
-2587.401924809235
-2292.637599813261
-2501.691737202482
-5297.266733668597
-1770.673217417766
-3846.4282283948555
-4100.086635779127
-2455.434198552127
-4188.311265119807
0.0
-4981.040105058894
-2175.485419149734
-3957.3613990375516
-1341.9056916121644
-5057.475069133311
-2529.4099235240046
-1301.081843365864
-2735.0212269656777
-5690.043323096826
-2926.13158770081
-4358.628654569819
-5036.77764299282
-4683.944439234746
-5579.984069249814
-2907.720034435305
-4836.037266836451
-1852.4476488768648
-2189.7788806724475
-4157.31310841586
-1476.4290363823352
-2289.015874932268
-602.8560275261514
-27.70069123783077
-3790.7064381347
-4245.831743135081
-1126.1247735906031
-3088.0938995132933
-3125.848768935334
-1800.4820831705656
-6007.585863019763
-5822.356264544591
-1061.0936647937483
-4241.295977763685
-3865.668518380345
-4713.265037236568
-2052.829182671007
-3817.3771237185315
-2837.518207755691
-1548.1026027436087
-2142.05618622781
-2430.9217159499904
-1092.4265719206953
-3477.298785328231
-1848.8304055600115
-1128.4342539920342
-2456.415236910365
-2380.6214714019343
-2588.625129445619
-3856.42130490535
-5538.7764264507205
-1889.597738162196
-7227.797590727013
-5939.530157241685
-1108.355350418282
-2890.8752754357884
-975.1743643542648
-781.6516147926804
-3561.720853302173
-5534.048441518687
-999.2015674920417
-5975.570943762867
-2822.0733025139734
-354.04825343504604
-592.8802596070045
-3698.8981717343036
-1037.579271970809
-933.0186189447819
-3035.572777463152
-32979.493504896745
-3261.050658681598
-4495.797472125807
-2474.408649788206
-1321.9983958389505
-4497.802416958774
0.0
-2744.104930689653
-2174.068584146616
-970.5364256927143
-2577.9723384404506
-8881.365176025509
-3759.7352362320094
-4953.879591845238
-2752.261409473122
-2836.9164027759025
-1406.3856219702634
-3069.5810988679286
-2472.3627482226802
-1366.8791751248107
-3401.819095474639
-3111.600742870353
-2711.1964887051054
-3765.830426976951
-3232.630488634244
-6779.212924216613
-2822.523847071312
-862.8724578205483
0.0
-3425.0592965178894
-4704.625691819971
-6569.02261419997
-2126.379213916498
-7646.0014827361165
-4491.984962521876
-1871.4240933942847
-1082.9882037022658
-50.20697750899764
-3258.394263540542
-2688.033387433516
-1547.2952903387563
-3745.459929403932
-3346.9846715802955
-312.57435434933325
-59.51419489155157
-1545.0032294972582
-1165.0540037839467
0.0
-5423.399912171565
-4865.502669354718
-5834.984324286492
-6113.277977017898
-25.85384848328434
-1354.0482124342707
-972.7943906595647
-3279.746836215583
0.0
-2901.8308623204643
-1968.645591585278
-4820.315543479785
-7378.475022844671
-1618.93404252128
-2661.877815567263
-1220.4207963714734
-1786.4264653440457
-1730.0130678228993
-1231.6018270521895
-2646.7138495727877
-3971.062450370488
-1102.578240166741
-5205.193594179318
-1876.7138634166017
-2492.9340200414144
-1972.7650228092077
-5976.0817232403315
-4868.103368342086
-1929.5893813473783
-4239.152306107572
-3421.451867129712
-3467.8361447351263
-10145.15924725321
-100.32815807925564
-2772.0571447025127
-1370.6116179576593
-2216.6272276351615
-62.267741106996574
-3664.234669333883
-867.2346943783452
-4842.236451184457
-2324.8442313453024
-3040.237998304307
-4015.9872257571533
-2857.1490957016103
-4317.964464671577
-1687.0731202410304
-3298.701598440529
-3504.0567227240012
-3471.0953084904063
-57.20843895415571
0.0
-3916.493725331723
-3689.7609260663257
-2859.105053938706
-3191.1922734319955
-1774.6772394415582
-2593.959505862372
-4798.785353918672
-5197.624357362229
-9555.405564780074
-2296.4629463710526
-3745.8747098893914
-4067.831886331091
-3134.8311217305504
-1474.0359117493633
-1497.2020416944915
-5266.3614838732265
-1158.0982919598678
-779.3390378471181
-7061.581303203386
-3818.203319756387
-3929.408521388108
-1371.3961356148197
-5943.372909153921
-2117.1866173573994
-1148.906160623853
-869.9120837964399
-3476.5897108078852
-2035.9262550825183
-6485.6190944980235
-2714.599929075701
-3944.7527594463177
-2302.465011611174
-5325.2280648580745
-1538.2540127965976
-4773.606307886387
-3840.7736652490244
-3299.336643315566
-4215.276909617374
-4113.250651140821
-995.0890067397634
-1456.9637117860768
-2426.3016065028596
-1035.9183840981232
-6967.580324257602
-5128.283197338504
-5043.507704769303
-729.3104334935017
-2763.6691922079335
-3792.244240734721
-2445.5962669120386
-3243.649054985968
-4631.38927743554
-4854.24097589878
-3075.4068660817125
-4768.305291814425
0.0
-2153.848017190306
-4466.539377391673
-4486.495908132077
-3478.594203614378
-14581.15437190854
-2389.3221030031195
-11.306369094711215
0.0
-2055.0229037554172
-1768.4554798463623
-1138.557480258806
-3401.6699187961717
-5183.752861344264
-2266.7690563644583
-4370.4458031683225
-1208.8235855810108
-1657.3734000611205
-8163.280321820877
-1385.0947791367475
-2780.39279250745
-4423.372140451767
-3895.62019896884
-4176.035738948406
-2285.52245312673
-1818.9903880158217
-1612.8205890634638
-5286.554755830527
-2682.3809862866333
-2356.361749413651
-1908.2340983768615
-880.553023896335
-4342.220683383497
-5322.575869065027
-1648.7009607113773
-2763.6391651142735
-2433.160565177148
-11357.970108401627
-4774.63054218826
-5388.030369536091
-1641.6600883291326
-4671.726529474568
-2900.924463559528
-4751.184308813283
-4304.829393934484
-1390.6155114437613
-599.0572978798273
-4613.424530431429
-3215.9639498585634
-1529.2184462343257
-5687.576017489927
-2402.0232898768973
-1949.483487273471
-4205.415939932408
0.0
-2180.0672350027144
-1152.0040804913904
-5154.941351456836
-4509.757652990392
-4076.83071221809
-2732.664888444045
-2441.90387561405
-5165.95577316982
-2348.4730320067147
-39.25728767769241
-3130.603609363255
-3285.63967996694
-3019.5040555905944
-2668.983941312798
-4311.352230447604
-5820.291743672836
-1142.7984881213777
-2011.510520813798
-3344.7777241694876
-901.3690690141664
-3520.7909999713506
-4731.592220523078
-5057.161078118517
-2426.1413025119455
-2099.741595061056
-561.028152669987
-4115.33248788116
-1757.344156577954
-1632.4690248243312
-1760.3865967474017
-4317.179047891951
-3030.988737214709
-3615.878775204386
-4642.671927310608
-1540.77723478077
-2834.8292834695512
0.0
-1204.3618726710101
-2705.2552430107894
-3814.699966382906
-5905.661404846568
-2841.2398766529636
-3127.847944022538
-4831.951293731607
-5049.997212750556
-2325.56058340903
-4299.120238543841
-2533.2844801037027
-5463.599117580511
-3707.2665450559675
-1760.543781515738
-4262.985536001695
-3887.947642340041
-9493.929605712665
-2045.829287224221
-5021.085778057082
-1769.3053505921057
-5011.308720356386
-540.6970184648033
-6861.65542110753
-476.8301070911369
-2274.9831578114076
-1222.1981841820916
-1977.3233943189964
-4689.956312174277
-3696.3012333837714
-3899.375505951761
-1110.384461606632
-553.0046038901605
-3582.1216599519726
-4585.179172754324
-4703.130807110479
-2886.311461804803
-3157.930901489823
-797.0696812878762
-1528.7106368600355
