-5344.287613078731
-4208.508394073883
-4233.13642230269
-53.29195170963481
-3947.826329993092
-4548.096074735594
-1409.3915616432057
-3618.426019168827
-1956.9501256184021
-12800.969525831337
-3582.242889555982
-2097.98539575785
-5171.954265111602
-3849.0051655089674
-272.5099941850215
-4610.957215249999
-3736.898235552046
-2696.4452162910234
-3221.510310730588
-2544.019033130545
-2786.0205737513757
-2337.184213931629
-3825.2756414597193
-4213.733803034678
-1935.2280733541406
-3069.2147470979517
-2778.412097105052
0.0
-2399.8952390904315
-3992.440533438033
-463.83798088980456
-1774.9971210637316
-2482.6957186028762
-1116.7373870704816
-4486.583594084915
-2563.256538855836
-4156.934507114214
-3805.4681041064537
-2771.9879675455254
-68.64953990115411
-1454.0945821452465
-5171.075779987497
-66.43719860868248
-4127.057201676227
-5206.974631263922
-6956.089394672181
-1397.343800803456
-2405.1091797913996
-3455.1107765624633
-1578.3191090428702
-1064.6647458432408
-3583.697062072954
-2064.233158326153
-486.00454306807745
-2721.644434045329
-5479.598674045782
-4184.742784404377
-5105.7330499095515
-899.5712605182583
-3469.780033986756
-5390.7306245135205
-4945.106210369095
-2359.7761072108196
-3233.3886290469673
-2222.6746740986405
-5766.98578315449
-1479.611871589974
-3144.9626572166326
-2367.463490059373
-1935.6166765599423
-2355.211727642986
-4054.848055271407
-2888.3448032225533
-1130.8036521422337
-4532.802202871087
-6139.329775662733
-5253.167975760639
-9433.614009868923
0.0
-60.81832578084316
-2285.001393786627
-1629.5712878759034
-1090.7042321006597
-3762.4631263859574
-4473.918041791162
-5149.962265230064
-4103.484645716648
0.0
-5486.614397407561
-1247.724569101614
-4353.979931101401
-1638.2162461954972
-5318.971733821276
-3372.5769227095
-5126.997782963719
-3298.4487127299053
-7636.517651793723
-4891.225454702431
-3874.586670856973
-1991.4325760193108
-4195.778899469707
-2343.2626309824304
-1481.8609521857043
-3882.1049238565765
-599.2965224941273
-3967.7737051117565
-8632.086346079272
-793.8135566518977
-2607.139972561081
-4793.0219487688555
-8333.86197304338
-3009.0977211423565
-3332.9699668521007
-3928.8692874092867
-6656.056672900513
-66.08184071274702
-3762.749601666954
-4094.8122762362527
-4870.987962247049
-1333.598561439772
-2097.067766165724
-2067.6683982217096
-7.007031187135721
-6404.246497776075
-709.7907297730832
-3067.7920538069457
-4307.194873666121
-2535.7747447387583
-2895.5533255295327
-1869.394485973445
-5713.177140651255
0.0
-4620.331741454535
-3810.816596103119
-2389.3490801312482
-5014.489755780162
-3115.3317969685268
-1774.8351871494053
-3741.477255603564
-3448.003589395794
-906.8494142303524
-4874.889967363742
-3637.914492936205
-3125.735220298642
-1708.2745644517463
-3361.189958616993
-2806.074197705853
-3467.412867692472
-1717.3985795559752
-2658.5626738936717
-2528.89227827576
-2523.424261849758
-2032.5790923368895
-3246.650060610098
-3110.3124787421675
-915.5012612795923
-4755.997144108944
-4973.710782496792
-932.8071805652274
-1309.4108787718637
-3285.1717639874764
-5422.183144436504
-3236.974285620035
-3542.0762529910926
-1964.8952344500065
-1062.8162463092228
-5863.49925874299
-436.99874788206284
-360.98543176356105
-2801.1942223578685
-4448.30773313735
-1526.7242624594178
-3372.4859227875386
-2332.1786588256005
-9123.80097795865
-1769.286485950342
-5324.437524659163
-2695.046832602201
-4543.494782359538
-3741.2181776645994
-1264.6372763159518
-2666.9697281991266
-3302.2298573413873
-651.9301650476147
-4206.513458778178
-3208.5700841099356
-2134.525535493881
-1297.975521233575
-5133.246855315197
-5054.5564937748295
-1386.2968795875895
-8261.403295898554
-3539.1507841405446
0.0
-4551.952530448662
-2071.467875578357
-2086.635499375517
-2122.671724487099
-3216.8752085928536
-3065.058192738771
-9831.809887992345
-4188.9367664215215
-4899.32560172346
-1456.1151461326065
-2737.5311789594844
-1758.0821655506652
-1463.6580942081418
-1951.6164940234476
-5809.7906647910695
0.0
-4809.119444829463
-2966.94041439747
-1253.0333751373043
-2495.894836958684
0.0
-993.0250319106243
-3685.2454798695885
-2821.4992635356793
-446.0523414760561
-2868.7431023945815
-1973.3415505350977
-1616.4385101311357
-4629.706046662453
-2913.3141852962553
-2818.4222318724596
-4207.098309774489
-4098.842772453834
-2615.668700401576
-4185.549198212332
-852.8373040803658
-2659.9697337885286
-3165.7913205137475
-794.1226460533503
-1976.9525999243162
-3465.3067275977314
-2342.160216284688
0.0
0.0
-5645.083221270044
-4286.5666029235335
-2711.0368703761806
-2561.4724609181294
-2937.917816573913
0.0
-1004.8412994464231
-3463.7537750117926
-2862.3256543672696
-3455.7298155090343
-4518.084411043112
-4544.129780698715
-4920.960880764699
-890.286933744428
-4357.718106663298
-2559.8290267164593
-1172.5929492954413
-1615.9056149028343
-4045.2095223466395
-1724.9216647399167
-4068.003324705693
-7362.062833303376
-1506.009528255975
-1623.8626427570753
-2879.6083345297675
-1176.0483519963052
-42.478289515095526
-305.0406111712235
-2803.858915307516
-2819.874138424014
-2064.119984632032
-5446.7934176729605
-673.0970868414911
-5170.828153125323
-5092.539989035673
-3695.754608476627
-1727.0555708129036
-3095.509519923875
-4735.352969792981
-902.4403395116628
-2204.437690442855
-52.09232743285692
-3526.8012149582637
-3324.6496540111807
-3778.9940010453884
-4861.703647657323
-3821.241190247965
-4871.49947781583
-4405.938850621954
-2277.8942187185867
-4919.955574942552
-1472.3474774065915
-1295.0363592138262
-3795.7767172632944
-1822.34792194885
-719.7572731928211
-1880.332592524974
-1035.9655009029098
-2965.5511869033653
-1986.5020497862463
-868.1807588523645
-1158.3177543799798
-276.2218472974049
-1237.2051911426581
-5062.968521190264
-68.92327594016058
-5158.598840847687
-2784.6054181880763
-6771.755036652821
-6406.180690835328
-7.938365192387428
-3763.671113976553
-3188.888002368251
-4540.6213165157615
-8268.0124462048
-1589.2607653562566
-2522.5371958385376
-1642.046840084541
-4105.80552437324
-4526.314073567654
0.0
-5602.6470999253925
-4080.7634367171163
-3340.297715767808
-2699.525236719102
-2985.547614322338
-2400.4921791366246
-5227.141196607525
-3644.919564900298
-2632.7882379052166
-7.007031187135721
-3505.717233575322
-3370.052021815205
-813.2358178246378
-2620.9342139925857
-5402.467898267907
0.0
-2145.7575736545614
-2369.1284982041225
-4167.143638549977
-2606.5751168082556
-4040.1899408700683
-6220.696005716014
-2504.254788458094
-2965.53330009529
-527.9008851436303
-3847.2273884280935
-1020.9667512164717
-5369.418890104841
-2615.490286135853
-5203.513299401429
-2897.1107015891535
-1375.469062381087
-3324.6739669557264
-1539.909148703488
-4977.499051259212
-7681.972437909476
-4035.1274803403785
-685.4077793899523
-2998.7291150135325
-2989.4776103479635
-1866.7419807574593
-2134.8390249902286
-2375.028610575707
-2379.819493334688
-3685.068144361058
-4035.0525817414823
-2507.1993719030816
-5304.489712135773
-5100.933765682938
-5089.925440184115
-4776.255773807126
-2487.6302342905883
-5271.362985422504
-4062.7089493411
-4627.697538789646
-3524.909176765033
-1644.0852196348137
-838.7778481697981
-1102.4206116509822
-5425.619544170214
-1921.9730739411154
-1196.625717895458
-3368.037486040252
-2228.032429227009
-3676.628951616174
-1741.6978866925965
-3577.9827920329885
-1918.7397700008864
-3945.1520487191033
-10821.265387883463
-3688.3534504400586
0.0
-2834.6830912106125
-15197.883496258808
-5114.458416142023
-622.4523831745922
-50.69058435242272
-4875.821509362117
-4893.608879929309
-1896.2113088171006
-2736.41306098069
-2724.22851799837
-4925.1712107076755
-2425.0100562658076
-2378.9333903824636
-3632.4537944879144
-5261.441781550767
-2635.0824990078963
-2987.5437867718433
-2031.885922219194
-1367.5038727235992
-5576.078125516619
-2477.9140871247523
-4297.83418131536
-2947.9194356298117
-821.7728022581323
-2549.385515659182
-2935.755801171589
-2122.1101571571844
-1284.8356697738127
-3572.51990527823
-1049.9180896545543
-585.0003830452536
-3290.685001666444
-3225.4411805886816
-3907.745989951481
-5455.868929343199
-2905.7010347247838
-2583.334793376834
-3166.576715068112
-6131.528477661083
-3318.3210380643495
-4666.399976934662
-3586.123602717029
-10196.067076458912
-8443.47293615632
-3555.4384872063138
-2436.9237043389635
-1014.9942434580411
-2394.662657195459
-3265.570373470366
-1917.7003959181995
-670.8480006524829
-3684.4498604061414
-1983.2481314571976
-4498.250893475614
-4632.653558409961
-4888.416307633052
-902.6536029081102
-1297.7083285436809
-8591.526030776706
-792.5092783367325
-1816.61741820946
-3493.887331997444
-5073.570842511113
-2793.7823872976196
0.0
-1623.2331090115604
-1014.7538181418525
-3080.4259780246207
-4490.162114898408
-2744.415064139138
-5280.450374920858
-4391.251773799359
-5669.246881724424
-2381.6481035774686
-4151.574044517614
-4578.599123896318
-2671.2390371564584
-5535.212526881942
-1304.8452675701587
-2418.22262640589
-4687.325733955432
-3787.216604828215
-5589.477083874504
-1200.0496611331578
-4116.12650412487
-994.5823913578981
-3663.9910275104253
-4934.347927122708
-4048.354027896945
-4993.793444507387
-3701.303417721864
-3953.356560003807
-4268.372307491899
-2442.86269790704
-4924.728284959757
-7707.385872362933
-4632.048762716242
-5465.71285412063
-4376.25989533118
-2595.6271359378297
-2370.7376063707156
-4340.442594474978
-3880.6180294524484
-4150.529137584701
-5048.725887245515
-2884.4959570066158
-3784.9388003066965
-6002.430613994843
-4768.675467364412
-5210.832399886
-1836.6696327815434
-3783.84639717891
-2447.5399418646302
-837.9447623402498
-2680.665483867463
-7170.425446958272
-1373.2670518673642
-3014.345581572466
-5587.225500323027
-1042.897322298853
0.0
-2647.162190427238
-1963.682460809857
-713.6932930089771
-1732.9111213090398
-2140.000325269214
-6030.827973354364
-3555.54815134481
-1609.8507305021917
-4207.018142876722
-4781.573247734469
-2806.3133841588724
-5008.125455863468
-7893.478736176141
-2060.86692178244
-4075.616854863701
-3811.337918278235
-4606.25382887981
-1062.517819149857
-2922.302784972428
-2540.724117700501
-3391.5177886316287
-5562.592975757555
-2523.560254906918
-1052.3614524028987
-1326.683035587166
-3957.899065808117
-3863.6755848617563
-5005.525857715603
-2649.242854313833
-1424.6907484101762
-1449.7991306929187
-1343.8315012625894
-1464.0501110920989
-2081.5034782319162
-1668.3406115680991
-2690.3489382257426
-3385.607290146108
-2787.3744048440876
-1108.8018955400173
-6429.089360639215
0.0
-2378.42369234445
-46.93083274934604
-1033.1417924309883
-2986.127060573432
-1734.4120917145208
-3780.003337703441
-2835.3208848351874
-2308.4040892304934
-6785.010024912338
-1795.5113500841815
-7331.97727833656
0.0
-3319.697003025006
-8.083210920113515
-56.37868605047817
-2214.188911828716
-3832.1107974449187
-2022.4064511760182
-4839.661755297955
-2637.2429128514386
-3088.1431141422827
-3468.854345617692
-2462.1747708406656
-3688.398174370457
-3481.564985939731
-4055.995179850944
-3458.365355239908
-3347.605543432877
-908.1311520471356
-5193.352279463999
-4464.738576622952
-4975.438240577622
-10435.57385975021
-96.54355811483836
-5523.650077325973
-2467.369817137498
-3067.6355108642824
-4714.579268877884
-3547.5752878215917
-3864.219191179239
-3509.348179542728
-5923.891951234186
-988.8690028785163
-4328.336821725496
-4786.285942649396
-3589.691854092861
-1432.3772736024457
-1680.9700904861909
-8375.608659994266
-7087.482819965937
-4291.563508231043
-3304.1940078711796
-2341.157539485572
-3980.1336911765475
-3970.8123679344853
-1633.9786698789346
-9010.627674517465
-1168.3409167984232
-6060.795158437275
-2975.505729375655
-5084.68961147855
-5014.507049607873
-2904.8223011034092
-3710.1151280829067
-1488.1087469276115
-3334.952998279147
-4897.943206067699
-4504.699056383708
0.0
-1895.3105286463735
-2877.5005469844396
-1251.4577293639056
0.0
-1390.800314961447
-3648.1450148079807
-5432.29595060197
-3883.466131162306
-4470.756981408848
-354.20464829508273
-1037.0474034435767
-5214.135792985479
-2085.5996794361367
-18136.0221861506
-4840.472592428759
-1136.6040409806155
-5347.1314478582235
-1114.570320454649
-991.784438811273
-1140.5011373658951
0.0
-1208.0909108496114
-3755.641283440377
-3710.4565720577325
-2720.67375755854
-5712.915518287014
-659.246053109057
-4329.250178657561
-507.3013162702866
-1221.821082957828
-3594.306173676161
-4700.760817851633
-4741.2937555258895
-5898.95145310597
-2392.409540123017
-2706.0645351307626
-1434.8986578426357
-4534.850599293636
-55.636929593006656
-3375.9847603777184
-1723.6246577880868
-5369.126605369253
-3340.0526273995442
-11138.634944051973
-5803.050816342783
-4128.662088619456
-5815.533803950347
-5244.0359512029145
-3013.2198817193907
-1136.119094739142
-1381.4278234363728
-5637.5123825523015
0.0
-5080.449567532586
-3950.0339095247296
-3488.378821676454
-3284.030624164822
-1532.5583767651553
-2643.8546834078043
-2633.7492323017896
-3715.6538071080163
-4126.257142207471
-4175.267015619401
-3510.1866779357283
-887.0403546900956
-5630.449036052117
-49.39283700332862
-8429.724938533984
-1970.3642293817961
-1850.1243049417144
-2374.9889664288517
-25.99344459149051
-5688.124300706861
-2137.9340681311455
-2793.570713961309
-5064.690512671268
-3251.94259337721
-4620.630089022475
-3041.074910491504
-7328.822975894798
-1545.0185428435784
-3021.407536353538
-1240.9688570845256
-2296.00922460678
-2837.627419892371
-241.9009336193481
-2735.109982859943
-5362.711977577048
-2988.0865776607834
-3986.960181456276
-5698.803701356288
-4445.580089291934
-3554.216307332169
-5831.77013991833
0.0
-726.1438925337711
-3445.085488604792
-4637.721638464738
-44.69942876044038
-2564.735931061657
-1293.9277522298353
-712.5900831005534
-3961.6562433880554
-5434.709837349729
-2304.9699683785375
-55.11594275885719
-4494.635605178075
-3056.897714298042
-1946.845621494783
-3788.1110435105397
-2661.7429763083223
-4612.004126028699
0.0
-4824.458709923104
-3859.5576443290856
0.0
-63.15926937344551
0.0
-7910.283485082578
-1893.6035116242465
-4296.120135131927
-4446.046563529947
-4757.463916981553
-1340.6065365140591
-3618.509029545216
-1828.1253293599195
-3273.9992041431733
-4471.152140104586
-3996.9090341460787
-4015.487362056614
-2549.415608977992
-2311.9576145647666
-2471.821599285043
-5287.124401974369
-1729.6266788104613
-3732.2781264624455
-4006.3261689381743
-2464.2254104151034
-4088.757004604594
0.0
-4859.795391980067
-2113.752492758502
-3901.4495417869507
-1336.7381608619512
-5052.019407040703
-2471.3252173039214
-1309.5376917007825
-2661.8189546440835
-5550.1098423794265
-2914.195801981445
-4249.055848684928
-5001.230452856076
-4620.002404894699
-5531.766375955937
-2840.795208397717
-4687.45963126626
-1846.1938852479439
-2199.6532378955008
-4054.302634309503
-1449.000023919303
-2226.214403501484
-595.3343360564226
-27.72019683153989
-3810.475123592078
-4230.706295884652
-1133.360965327008
-2990.7642300809653
-3049.380916008977
-1801.2565371104242
-5967.272951637795
-5738.04287394151
-921.4924544638677
-4171.246137950824
-3825.389400181508
-4709.136256029462
-2029.1470934527051
-3756.1476740105486
-2849.999468611679
-1511.9307999793768
-2074.8977053768645
-2302.60932577777
-1100.7276198401923
-3439.8401028088206
-1861.7076644622462
-1121.207364241186
-2391.8586326445666
-2305.029757819019
-2552.2854904672977
-3821.045018760704
-5413.595133203217
-1940.281878343799
-7132.282439282075
-5863.187691051644
-1087.8227486115925
-2841.5709466225026
-935.2753483677476
-773.4149034977778
-3469.9343639017866
-5404.716336259558
-946.8615246813172
-5809.9437007049955
-2835.333281734139
-361.31517095130255
-576.2763596229233
-3595.4953891700493
-995.1757527665035
-929.7907818976681
-3142.5200476380273
-32509.138937105512
-3175.5457086414176
-4434.271419367988
-2455.024142359904
-1306.7352421908229
-4429.261913993081
0.0
-2678.6634219927773
-2053.544092906088
-948.1593183101592
-2464.7659885733565
-8818.897966189217
-3598.5449310236177
-4753.382124173416
-2714.927175063886
-2815.4740381422616
-1358.4382647829711
-3043.389385366118
-2508.337320683015
-1370.8442854351729
-3301.677632057469
-3097.4373141240053
-2700.156275530865
-3713.426296885424
-3159.183918928097
-6748.900285894518
-2742.609631462292
-848.7651860898428
0.0
-3349.7124349807195
-4638.968391896683
-6551.410883216719
-2109.113545067981
-7529.363134199431
-4301.207121517726
-1812.6473195859385
-1117.1270949848536
-50.51750023360596
-3143.9103939197976
-2643.674757693404
-1555.3192268181433
-3663.0301680081875
-3278.6799288478305
-305.2875590095987
-58.62470277895517
-1534.5155979205567
-1157.5999504827132
0.0
-5316.713715633123
-4845.806706048702
-5705.051068864769
-5938.265762835637
-24.94413254386075
-1339.0881398754736
-960.9501948297
-3258.6914414353037
0.0
-2860.6434711188012
-1978.8573312661417
-4777.331350241602
-7333.833010857994
-1578.34613568883
-2572.054548304919
-1205.413436959903
-1678.9353662592139
-1664.8340335492655
-1196.4098301162737
-2608.563832689136
-3853.3888054810614
-1075.211701235079
-5106.529468253214
-1844.8829475181767
-2434.8331797632736
-1909.0318184576138
-5944.335658663559
-4777.502429953244
-1972.98775187748
-4122.329423931067
-3393.429345451767
-3475.8807567063895
-10034.320812062499
-99.95250482570121
-2778.7572586481715
-1355.2620090808832
-2084.7436076283134
-61.31714975555119
-3643.7437290207254
-853.0263138872144
-4763.15315154832
-2150.188847629453
-2864.3039739114124
-3923.68679441811
-2789.511767010853
-4222.054821830561
-1663.8606871479258
-3269.052568851804
-3429.1680549944977
-3541.7421583295054
-57.59216405856466
0.0
-3902.139504020803
-3547.6822517392393
-2721.3046101146338
-3202.2120401934667
-1752.574591047457
-2513.9721226657143
-4698.770948225384
-5115.744073939097
-9431.95280609895
-2217.421328379492
-3657.755762225462
-3897.382797401599
-2969.918077774282
-1449.600059949077
-1474.999762129495
-5058.102360319205
-1162.1219391279906
-752.5996498698354
-7006.90748665181
-3713.1219227311876
-3837.8755118776703
-1341.4924321500605
-5781.373421589606
-2099.1130946031367
-1134.7360241113931
-858.6896764376061
-3392.3496573247035
-1856.3613984421172
-6470.212199519841
-2755.4219626545437
-3768.258349837552
-2147.6529208956185
-5232.421806442038
-1492.927732966105
-4758.083738076255
-3706.2759389533535
-3203.922538152318
-4135.4487353740515
-3995.5357883990205
-1011.6939695809115
-1459.433425545211
-2360.868131056777
-1019.8090324188262
-6832.467608440392
-4967.073131042408
-4992.277183489222
-721.4265260911534
-2767.3882774051817
-3803.5242885864573
-2458.423896705225
-3254.8026414790247
-4704.68104324702
-4698.367704474074
-2942.4055579569126
-4634.791028555319
0.0
-2138.9255597001043
-4435.7780645074
-4375.360041240857
-3439.9775522503433
-14470.277895545114
-2279.914827044118
-11.05810172229933
0.0
-2009.778198137524
-1727.3221707496161
-1117.7734663291408
-3403.6978737909385
-5070.250960202428
-2234.443967735509
-4253.532401856079
-1194.1702348551776
-1667.4768891247757
-7992.749156046729
-1330.389142600279
-2684.2398776254886
-4345.291004755964
-3808.9819996029837
-4091.6874123084026
-2310.3163920112656
-1798.7668916045936
-1541.9095941577386
-5227.8760051430045
-2669.493820007545
-2240.478947914211
-1876.3663771492372
-865.1571935035881
-4223.22038661007
-5156.232639133152
-1611.844854706553
-2698.097599737521
-2373.8784806084063
-11299.440884191548
-4691.026556001923
-5334.941623960578
-1608.107776119331
-4607.2593738921005
-2900.1015758916333
-4655.474237141701
-4245.751452354955
-1325.8525660247176
-569.2640739623891
-4566.461412539523
-3189.015193301486
-1499.0810263904405
-5500.816828212617
-2395.2621604951637
-1937.5236491919682
-4094.30933702493
0.0
-2120.0755472367823
-1204.4686268858509
-5129.126934961427
-4441.081849627638
-3984.76979568971
-2700.1889165833286
-2389.602490707824
-5071.1692669219265
-2303.5702512419416
-38.11351670351788
-3079.369338036559
-3242.2444248988204
-2909.4124366894694
-2588.9151820967068
-4291.896699458597
-5772.281653139821
-1129.052397000173
-1952.9733811417634
-3228.263749895314
-890.0270994350035
-3426.835175228786
-4669.792138940235
-4985.947873516986
-2475.850496026011
-1995.6006908848663
-552.8232372196575
-3996.891288496504
-1679.9422409315023
-1557.097722297604
-1749.5578811882667
-4269.052532646561
-3026.5445922666026
-3514.556976053321
-4460.496527915032
-1526.411162807374
-2731.9345605631975
0.0
-1200.9852570462692
-2601.963061436127
-3680.918168192441
-5802.973414092118
-2745.644205352984
-3104.794797824791
-4793.165555030689
-4943.767760029529
-2258.1983291035363
-4234.363321208113
-2481.8517586366256
-5339.791074423966
-3615.823188920032
-1702.4793058634705
-4160.763673981417
-3865.0592336641967
-9511.713623111918
-1972.6593109353043
-4904.308621781791
-1762.2098475896582
-4938.008256375834
-531.8365013993888
-6684.254358592981
-461.4794776336371
-2227.589554406857
-1125.5587203725324
-1955.730632649401
-4728.2942195120295
-3591.232107816634
-3765.083908663878
-1071.1943825918227
-532.6278975896747
-3421.9285189684683
-4472.650828541147
-4717.053929280471
-2823.8507494766154
-3167.62817022295
-789.5577196751553
-1508.2917070531666
