-5423.802234887502
-4148.7203529985545
-4199.709121399982
-53.90521389534731
-3950.8870983542556
-4412.883312497251
-1394.9609399172073
-3509.9068646657865
-1959.2300794546593
-12730.110259279709
-3576.291025304289
-1834.011436102186
-5225.219797052184
-3825.7928609330793
-260.67177494467126
-4557.872747983189
-3577.822847092647
-2637.207941122634
-3143.4429216098456
-2527.4366261919195
-2710.2159701236337
-2375.4423948791496
-3792.4469587222984
-4141.566749094903
-1893.1014410555938
-3028.767252115514
-2786.379702252816
0.0
-2365.726449183907
-3852.279316278285
-462.854528956304
-1766.5275085189496
-2449.315248885165
-1106.8866770398108
-4560.833958821809
-2527.4694864479866
-4150.334685008309
-3774.5634913881113
-2807.899848121313
-69.43942629022725
-1319.9493985135823
-5168.0953649076255
-65.752012923585
-4123.796473440919
-5079.651555055155
-6847.30139028041
-1262.7968256004172
-2395.361076357887
-3352.370309275321
-1588.1511575796583
-1044.3751882491376
-3424.80714808457
-1867.0325152803493
-491.20343724688854
-2709.006332284021
-5332.743669270173
-4213.449174896055
-5192.19275129542
-860.0925950391816
-3309.2761912405026
-5165.082053098504
-4935.748200911647
-2204.315795955569
-3094.9986027372975
-2132.51357083585
-5849.186337155701
-1418.5340069580516
-3161.6027472153887
-2389.8904219465403
-1898.6080252043632
-2167.7718314817357
-4004.756656527248
-2715.1309654708575
-955.697787332812
-4464.8790827021185
-6097.957718681471
-5166.442515119122
-9464.027837075453
0.0
-60.44048615264729
-2259.071150431396
-1663.320430837382
-1089.2810146814056
-3736.622268129078
-4316.295430129816
-5156.643639174237
-4100.997397716338
0.0
-5498.4489505058245
-1224.1150533440637
-4360.539427372706
-1526.3011085992441
-5311.586051088781
-3352.0351551368985
-5170.312958698623
-3106.481540617693
-7531.103919634587
-4765.333281601763
-3870.1730241295454
-1820.005907564889
-4186.01445514182
-2180.9380680729173
-1486.713768263062
-3847.7643706770905
-598.6003438905994
-3807.6821186940224
-8566.433712693819
-791.7195647103125
-2556.0890765367444
-4872.335965240107
-8357.938162709102
-2991.431656321192
-3318.2131994780907
-3790.153708204
-6506.145133225854
-67.31016994542878
-3657.6517165329055
-3946.1821730228485
-4980.605276363715
-1244.0453228052725
-2104.405684314872
-2023.9884102900091
-6.988263400928152
-6409.311340394965
-717.0161412408947
-3077.008983498557
-4195.20030118059
-2386.6334922629994
-2905.869303412374
-1881.0416473099144
-5681.8905194172785
0.0
-4712.638921380443
-3649.072497148327
-2267.442110864351
-4944.657254709118
-2941.136991297672
-1750.2361425516929
-3566.8412195424203
-3343.4961643940287
-906.2660820879756
-4803.325311249644
-3631.008956940306
-2984.243911539476
-1665.1748436432356
-3426.0930297805276
-2814.672670546399
-3351.8518479603617
-1724.9594775514024
-2515.3984487146818
-2468.9575479636055
-2555.5092128617216
-2011.0487327930848
-3172.6632504733934
-2912.307932465215
-926.4455339302365
-4728.631992307228
-4904.23955866121
-903.5335540254777
-1276.0163432725697
-3224.439908511502
-5490.559697239484
-3171.733892507502
-3610.7672937366146
-1967.2921575226237
-1045.1723214584526
-5844.747605210052
-420.51019432111156
-360.74636166077096
-2845.0442963325663
-4475.346607808354
-1537.8701406462574
-3259.9780396517353
-2176.855004406916
-9084.651191837751
-1695.8508030095934
-5065.022992393543
-2671.610416113354
-4480.060686951558
-3702.614390244326
-1230.599370111102
-2408.410799473377
-3061.7754288947312
-648.2586922418686
-4196.270873886752
-3141.782522810305
-2079.0290482314554
-1284.8590004145174
-5131.934875041473
-5041.290528151368
-1333.9536071290042
-8204.57550978115
-3361.9492208324514
0.0
-4475.493774979665
-2074.407041033157
-2068.011244641151
-2006.9554344927628
-3200.2280361013313
-3075.2596911594455
-9434.439355924993
-4207.396659600387
-4907.846220441452
-1462.616909245121
-2594.438578906618
-1738.0778392272152
-1310.4992626413048
-1904.3047857186066
-5821.649161496778
0.0
-4883.720893257206
-2908.840494859834
-1236.3336178776221
-2458.897921503831
0.0
-956.3689757983225
-3627.1738015945366
-2739.335519949293
-447.68332785444125
-2816.0195467777266
-1923.2087825073697
-1475.892598989914
-4290.075994095302
-2807.8576352067853
-2790.47695565078
-4316.22266334923
-4131.202656496769
-2506.8094828203407
-4020.055578721354
-845.8243670077642
-2511.3401512902847
-3199.3257656014416
-811.1296410783877
-1984.2731847000596
-3260.4140475619984
-2343.4372994901996
0.0
0.0
-5561.886211010528
-4209.202976381718
-2709.477782915009
-2508.402907644921
-2738.3775702788025
0.0
-999.7116688540672
-3482.932736656407
-2690.2718882949
-3256.5209598280053
-4449.373371059747
-4551.264938991033
-4796.354224022308
-864.5340939049041
-4304.575075723411
-2471.8837181834165
-1159.9061591132252
-1585.7047905148459
-3894.535162546988
-1702.1767692569522
-4042.4255072825063
-7302.444218207998
-1511.1134735763874
-1620.3136726901666
-2735.4244760385322
-1189.220524750646
-42.36346370941158
-301.48036448981605
-2746.708650858701
-2797.6636779442815
-2005.457286476577
-5489.398983032142
-655.5756773647151
-5061.8539948027765
-5062.1158628498515
-3760.932135354363
-1671.4364533996577
-3041.1370540784114
-4804.568075316589
-896.2515651862913
-2045.4985277669502
-52.12376065723477
-3438.0220480124267
-3257.9168708456314
-3753.8593114393757
-4720.368048076247
-3773.071190269837
-4801.41071799813
-4307.18478695302
-2140.525888518093
-4876.329626053439
-1440.5849077944433
-1318.6050185612335
-3720.5527754443137
-1842.3376460532088
-717.9227275459754
-1873.7536601299419
-1020.7964979528986
-2923.4591488390865
-1849.8604097480004
-875.6201990530586
-1153.2527708558437
-262.9592358989479
-1230.524554032052
-4961.504716917335
-69.93804512793761
-4818.64187768365
-2686.866992073401
-6619.580773778505
-6365.788870465958
-7.8285583649133725
-3666.2646471174803
-3058.1786772527953
-4658.618138871613
-8177.526819068416
-1595.481676780938
-2474.9495640884084
-1668.4675113389533
-4031.000412916208
-4434.342244696163
0.0
-5475.2416155586625
-3904.0423281054045
-3221.8626078645934
-2643.1906146508404
-2833.036244162204
-2415.424033844395
-5090.306173237874
-3486.8733782496806
-2622.3651967215806
-6.988263400928152
-3571.3925600941757
-3415.3071686725693
-795.7485421799242
-2479.8297577965664
-5424.431240375637
0.0
-2031.7592778971537
-2320.527538801853
-4153.764025096341
-2594.737823471844
-4139.42861424819
-6276.867319620716
-2476.8506577995645
-2789.0498869499324
-499.09949872975966
-3702.1593682307525
-1007.6133747756429
-5308.3984942428915
-2474.0005811661217
-5088.385657743842
-2836.820245571298
-1380.9284911482814
-3267.44400599558
-1460.1332735711321
-4934.454769278572
-7650.438190882034
-4115.88746517351
-690.3760287626942
-2813.1444415503324
-2866.2027482998215
-1869.3495631802673
-2139.508543677526
-2218.31783272582
-2313.338866021061
-3560.7445976897993
-4043.617025904615
-2483.2624847596185
-5290.910855752379
-4992.69733535952
-4964.611719923419
-4749.051083933116
-2493.197925316002
-5354.784351104768
-4029.3108264737443
-4470.420066644161
-3479.8720288068703
-1511.7200214882037
-834.9535256678616
-1100.151669308391
-5424.095329547881
-1900.253462169429
-1145.8560014226955
-3351.2464732533467
-2135.6010138691
-3512.43180805966
-1734.9262872366367
-3540.505467368939
-1892.4675907962273
-3914.192130192248
-10689.501701510522
-3693.151106003699
0.0
-2638.078329668598
-15082.922349898608
-5177.713521772626
-621.8973319709555
-50.506821013972626
-4775.48631691239
-4757.107636366059
-1878.2778465998326
-2674.0753446737076
-2690.968488948029
-4782.6268846168405
-2257.364570753871
-2314.07197540336
-3706.754539708012
-5067.017699314678
-2602.724687347079
-2962.5046173364462
-1986.3857543854951
-1325.1509142845514
-5379.70487194408
-2400.1354134784606
-4301.0660830458755
-2940.1219599340025
-839.3182923984679
-2563.9880305105744
-2946.647273520845
-2045.9106664098065
-1270.2092746471274
-3492.5792821840873
-888.8902030281231
-555.1101985600609
-3329.291894814261
-3267.6190246420965
-3800.0964117562194
-5322.151202830978
-2885.100181509123
-2598.9095134123813
-3173.945938458988
-6182.668565230935
-3249.0975438900427
-4624.906154598174
-3521.3794156204854
-10136.579150655163
-8345.205922901714
-3555.610490874844
-2395.99615990964
-1011.4959360876678
-2352.266287462279
-3107.0960985959146
-1873.6730764347658
-650.4151503312762
-3560.366427241503
-1997.3313435573405
-4451.388096485726
-4616.513175729585
-4887.645479619457
-891.3505381457417
-1250.394439584379
-8641.485373931026
-781.64018872193
-1812.7219960521868
-3340.644753962194
-5080.675404596301
-2786.435658484358
0.0
-1552.566648307646
-1027.467740568962
-2857.935668202732
-4359.068663850977
-2426.329502511451
-5161.124314185579
-4377.501141830573
-5718.706486228631
-2347.846700007526
-4066.4586291591904
-4481.509274175263
-2670.235227374589
-5552.471487523165
-1280.1489490796155
-2358.1945869730985
-4770.777316471086
-3850.111138931685
-5591.90908681867
-1185.4484031950788
-4093.651211532378
-995.0158664255407
-3532.096499785867
-4998.368034296982
-3933.647958794412
-4867.632344374345
-3506.2150814929273
-3849.134010857139
-4135.051964981246
-2264.6759585503623
-4987.618823669056
-7709.826551255723
-4652.316827601274
-5385.315631506567
-4337.765827926523
-2549.277645341827
-2220.7770258560386
-4288.245467965568
-3761.326050049862
-4080.1619217090333
-4967.874389455477
-2816.13650250078
-3698.8645568016677
-5833.176565953358
-4697.518192549212
-5051.799911344419
-1817.1091138745162
-3838.3815011380857
-2394.6543992653556
-817.6700728116938
-2751.5512530446263
-6959.780902297951
-1356.1641351341766
-3008.125284866653
-5566.058517317791
-1019.0552227483283
0.0
-2423.0022427302006
-1778.6646506897655
-707.6559208135621
-1607.6501801731333
-1971.9793139798182
-5931.90755654221
-3516.1654469747473
-1607.8625161649813
-4192.027784864649
-4652.007510966464
-2632.252676248594
-4879.5217809626665
-7770.599276591098
-2013.8675646530917
-4093.8621116313648
-3668.09738686435
-4418.282891663939
-944.0655837986866
-2864.2325923210974
-2350.5812562463825
-3314.266462577891
-5572.603089250549
-2425.5449171807
-1045.3294547469845
-1092.768153309075
-3809.3822213384965
-3791.5047251521064
-4936.577655529784
-2641.9922132535357
-1377.9528407985706
-1397.1525976631258
-1290.0009169864077
-1330.675331279575
-2066.607705219405
-1643.8378159183956
-2548.8739666274205
-3264.202007308745
-2801.923013954249
-960.3759615014384
-6377.627576099392
0.0
-2370.5053787247493
-47.38219496269558
-1019.5443446504378
-2808.7475202273613
-1682.5471325869387
-3659.593050805325
-2742.6771041471115
-2183.753031373718
-6746.428622751364
-1735.715908840827
-7311.819460015068
0.0
-3284.704098071166
-8.18350692243793
-55.41631745501233
-2172.721965725818
-3839.7827230606104
-1889.396312661881
-4872.236252751589
-2477.0429196488317
-3023.0719623350265
-3283.927031911683
-2290.755891734658
-3666.7096286671467
-3460.2818707890788
-4026.4291592842756
-3243.6322018741203
-3355.9421328186068
-909.0122423810421
-5097.9215494518185
-4227.204416248598
-4856.23185837019
-10391.41223856057
-97.76433688579526
-5450.872746618762
-2447.1845902615837
-3042.0137067057217
-4589.900672892979
-3519.9011815545796
-3760.645893490304
-3225.2758923161077
-6020.289495930002
-871.4907829309211
-4280.353823308567
-4498.10934157053
-3519.754425213863
-1307.3512515186426
-1709.5736942094745
-8373.69606902806
-6958.389351860503
-4203.132162863301
-3260.0049060598176
-2273.7949811059175
-3967.753402673451
-3928.9888452475657
-1653.4447491684193
-9032.009270452714
-1139.5486765491669
-5804.163654588078
-2899.444502281933
-4756.517872379803
-5128.814588754652
-2914.304872176194
-3534.143478815469
-1484.093275644059
-3199.5865048427936
-4712.893669548609
-4336.600566796862
0.0
-1864.4658204135465
-2836.4310350358737
-1243.976096721536
0.0
-1358.6757616722891
-3585.7821081024827
-5267.396531106268
-3963.4728153685073
-4562.815288833505
-334.56110378097844
-1051.9482635167699
-5036.197584742082
-1850.9167919137374
-18083.293363497924
-4781.433180155221
-1113.4939256263178
-5148.530961113926
-1101.4769166611684
-1008.0106318161544
-1118.1136564411224
0.0
-1215.1048272022342
-3709.5859420343513
-3512.3286330731585
-2727.000317429655
-5684.6163567356325
-658.2583681068069
-4242.783337437469
-508.5871527240818
-1199.7445669039148
-3522.762125191141
-4493.241357631092
-4475.7773615725155
-5839.751074386103
-2359.8304472200957
-2764.507866753736
-1401.6551163803479
-4457.038806776942
-55.03539670833114
-3363.673234320957
-1674.6750946653594
-5413.927565582673
-3137.4559321768243
-11046.833195073488
-5759.489324080536
-4089.7146094099567
-5815.784563245412
-5111.225238514288
-2974.7203970202672
-1090.5875943990154
-1335.5773159800292
-5559.661618771961
0.0
-4884.068711563168
-3826.7480430740407
-3420.266236669635
-3162.613875800003
-1485.9585168050312
-2657.745705560705
-2511.292803239666
-3828.248230439485
-4100.64651773678
-4260.275271543095
-3247.1274669625877
-879.9849600668465
-5504.285396192055
-48.41492795870735
-8396.45502534812
-1920.8294853261732
-1800.922988874287
-2359.615566942256
-26.662310166974102
-5577.341342754028
-2173.0309500912895
-2743.289506163635
-5161.706218880592
-3221.4713157824576
-4600.5678029481305
-3014.5030485776324
-7328.154016193449
-1296.0507320837428
-2985.9531662609843
-1244.8298717495036
-2238.5496745839555
-2765.4202976275637
-230.1912055201001
-2718.1935491041295
-5388.089852947894
-2936.0500742013237
-4013.731733141902
-5669.2898204036865
-4545.296196332872
-3483.5674460824785
-5691.207461992034
0.0
-704.8420907423972
-3371.1212665278586
-4474.463141908932
-42.51008788300983
-2361.6738602546234
-1274.193202629031
-690.4401124241513
-3944.96367394191
-5473.709019984735
-2122.2382402905387
-55.0073177348602
-4539.627850938918
-3015.0358283742185
-1813.1561619724328
-3615.4837022718366
-2663.3475271761913
-4318.928239313776
0.0
-4787.0645939941505
-3868.6333814738255
0.0
-62.439008101635636
0.0
-7805.4680614771405
-1842.4405673514377
-4218.910001839234
-4243.395127398564
-4743.0824470771595
-1223.0057055111208
-3538.7273569696144
-1688.5757354157422
-3313.413085659903
-4336.417132640311
-3912.350025494649
-3952.3170401760854
-2533.677222815704
-2266.135142723725
-2452.6592512673974
-5159.588167836261
-1668.3020344775493
-3724.884022721736
-4089.282055781946
-2339.428450279341
-4156.123181985998
0.0
-4860.1462950746445
-2064.990033473968
-3899.9834440236514
-1294.5141722272945
-5021.786211711259
-2453.713728677899
-1179.7996504391378
-2683.058780382936
-5536.0601159178705
-2924.539391672786
-4317.204950514458
-5028.932778568011
-4708.973117865949
-5494.885423319382
-2751.375815115061
-4596.638664025024
-1834.7081334877803
-2099.673775257951
-4099.739224166763
-1448.6597720838165
-2176.075221428504
-582.3195412547162
-27.703192424379917
-3707.594286281321
-4144.618350227151
-1089.888625991768
-2959.0378639868945
-3061.0930616183477
-1684.6299422117681
-5826.341352992784
-5746.469802588751
-807.4133387915589
-4028.0734317614674
-3741.050796876119
-4665.582471274781
-1903.7029335007592
-3750.897972734794
-2726.6228725467236
-1471.071956753704
-2028.9571347952199
-2238.1584169736025
-1062.9527902849854
-3399.3573669595944
-1741.1889641457624
-1104.0963489722872
-2403.213956643438
-2312.44210091671
-2508.501384634252
-3802.9912810784417
-5553.471459485144
-1781.2398574323176
-7054.006492259952
-5878.200841133541
-1056.5769472519098
-2729.1168114893553
-942.5060782175271
-755.1322158252459
-3563.364992340065
-5301.946955953903
-951.2135066314291
-5713.908912609917
-2754.791418529148
-331.911780381404
-578.390423691271
-3665.177831030572
-991.8510476423401
-894.0639861581969
-2899.2183495591257
-31607.45265928631
-3104.4939681178084
-4405.17933468955
-2339.6466666478627
-1268.8159970384706
-4426.620009363869
0.0
-2588.010410550667
-1908.3596749492824
-950.3017806047953
-2295.2000989652106
-8755.401927655528
-3473.5825665839684
-4646.086950928116
-2672.665999116049
-2666.767242572506
-1342.8168971001962
-3047.9083029096196
-2319.8707651967425
-1345.3569735974706
-3139.884088377547
-3096.441773655404
-2673.4011610510424
-3725.100958914389
-3176.8604000521464
-6737.387503121188
-2697.685709597184
-840.6012927098627
0.0
-3274.4555645516953
-4582.875613677278
-6498.10385539346
-2098.9312569530125
-7403.82281487478
-4164.768533255289
-1801.6988088648231
-966.9734627010066
-50.62508617725702
-3160.5117427815494
-2602.724926010147
-1508.4436728290245
-3647.1347741960058
-3285.5388537231725
-308.10274958707595
-57.014332290382335
-1535.798162772066
-1155.4905493177669
0.0
-5360.403750062449
-4796.583817611271
-5535.613812997656
-5729.2197949270185
-23.723456961895753
-1341.0257256152067
-960.5157928005931
-3230.6308793108165
0.0
-2688.2093109876214
-1940.1070861503058
-4730.226112648724
-7353.712643522735
-1553.6554075423305
-2445.724016368347
-1188.1741360535439
-1622.6793469033869
-1612.9789985004174
-1202.9090892243764
-2620.296786620815
-3804.3548909670535
-1057.9774379527219
-5101.969630403027
-1837.1116723603193
-2386.9699152020385
-1867.157171024871
-5827.245290285824
-4457.04939266929
-1828.8361546043575
-4068.5788307552675
-3363.124918110078
-3411.2958650008036
-9884.754821009745
-96.12531157328118
-2743.9449593422023
-1319.6279547113716
-1903.7748829870682
-61.31373041011369
-3596.026818994875
-842.7528382097022
-4793.539936786161
-2009.1511006525545
-2731.7809495936763
-3879.380372239001
-2774.4458995516343
-3952.9339172480963
-1609.0701833164014
-3278.6808830980635
-3282.1488495020703
-3475.65727769066
-55.79525415629746
0.0
-3891.7606038766735
-3383.429248551445
-2559.9714649866123
-3136.6501835257022
-1689.370394760928
-2551.0636876685876
-4805.43209231837
-5220.197422122496
-9444.139225074376
-2061.83128836872
-3643.480921839971
-3788.539211485419
-2763.4654237153986
-1414.0418098220532
-1486.8610222953735
-4933.073439258141
-1084.2694423601326
-751.8122527633091
-7002.973537931921
-3766.730779094699
-3821.357513839004
-1303.7122344582915
-5693.05454853529
-2085.004811328952
-1079.2983745600784
-843.4018867256411
-3464.721530188224
-1676.0949500746644
-6417.114902183054
-2545.227891558952
-3675.125998872031
-1979.3607528898156
-5311.6622461439265
-1464.132617513376
-4730.58408707042
-3634.718276925169
-3218.8032502454694
-4172.808822898128
-4121.600414430742
-881.0697423923281
-1381.674822286611
-2294.8653047714174
-1047.0980022227209
-6738.429937583718
-4818.623013707265
-5015.973636884083
-717.0089643587028
-2768.6783826184496
-3722.7528607234317
-2373.3906830913033
-3148.933816589078
-4587.428758923614
-4501.801586747645
-2779.3580379194646
-4694.7904261095855
0.0
-2127.469616092961
-4464.248972987774
-4482.324813745742
-3477.573239666528
-14466.70123091646
-2244.4769121369873
-11.231059145810399
0.0
-1945.7291179834033
-1731.454080371346
-1089.6124159910373
-3340.184516911148
-5167.262862393819
-2173.2651478178695
-4139.423496904537
-1212.4302663110402
-1641.183358475236
-7923.345245650902
-1301.10991079332
-2659.75707725438
-4294.867797943327
-3694.245145265693
-4044.5640483767597
-2196.6563584843525
-1816.4365753550662
-1423.6200010673163
-5231.29573494658
-2648.6306310496366
-2063.3097555416734
-1861.1233886164273
-852.0444061657397
-4215.966832412031
-4985.615299799844
-1593.1280695139608
-2665.6436464302233
-2322.2195730818826
-11281.878412934708
-4758.807284732821
-5334.3664694923855
-1621.9709977303053
-4310.679242384162
-2890.6632058118053
-4643.87230230266
-4232.035234687789
-1282.7008483627842
-582.5790383223829
-4465.663330710486
-3081.2013448845933
-1418.345859844697
-5369.326680585608
-2369.7933775919323
-1817.9560788026768
-4059.9951265065993
0.0
-2105.5310545891393
-1037.2312320638703
-4795.647301501955
-4384.900429187419
-3935.2871589102565
-2659.7948893518474
-2290.498834573962
-5156.668418384824
-2218.333202428705
-36.283944824418214
-3030.509717579959
-3176.2847817103757
-2796.8168077394466
-2555.1182073637005
-4186.886602538813
-5712.013208728013
-1115.0649248806967
-1870.1161315240315
-3081.260107811096
-876.1435712070655
-3349.4373272684425
-4629.684899760242
-4966.836445794997
-2274.5243830270565
-1931.115692515908
-552.3818759184405
-3936.635303264456
-1630.8308582518362
-1430.4248261033788
-1630.4702260094268
-4252.847855238309
-2968.2547928144586
-3504.2788367451817
-4326.906352419892
-1507.9434072071867
-2684.640613429312
0.0
-1180.311858456138
-2523.6117623912555
-3619.8911375089733
-5824.167258542562
-2788.1791002750338
-2961.8615524860425
-4696.925259859184
-4788.1588083822735
-2216.670765510974
-4213.847707396274
-2418.0310050255207
-5460.898910696557
-3516.2850896462505
-1732.0267302583636
-4234.903582900912
-3841.3450138868275
-9413.809149794895
-1993.5052482268256
-4963.405602913063
-1646.7561795762626
-4601.3702756436105
-539.6790034944246
-6465.94093762287
-459.1350965464541
-2252.050276429992
-1000.2579801627137
-1902.6361679011493
-4640.15585174891
-3473.8025912952357
-3604.4262431674088
-1077.3670734132534
-533.7853158515449
-3288.389456381165
-4477.36968543305
-4688.1836952014555
-2736.394858837788
-3146.86228910324
-761.9859150800262
-1511.270878248949
