-5225.0292145524045
-4105.316940403746
-4167.961966421626
-54.545424516630796
-3952.968215918275
-4415.326537684216
-1399.2141010177854
-3606.5751269559087
-1951.6299613780034
-12724.948932622261
-3575.4848413526797
-1983.011285682711
-5068.651573744657
-3861.256185352288
-262.01202056552694
-4598.352332889134
-3569.342088770395
-2727.9756865454046
-3182.021400027566
-2550.7536223801562
-2775.7370544591727
-2368.472265086498
-3781.196504251039
-4186.357592404061
-1924.4690838233455
-2989.1515059608355
-2757.5533466315833
0.0
-2399.55390805244
-3867.897860577546
-458.1206311606348
-1718.8512041402537
-2490.883896758524
-1096.3103010984053
-4372.5605363970235
-2566.564956240649
-4133.961711141119
-3702.7048122434057
-2839.9958916648434
-68.05615967641745
-1393.9215242975463
-5143.207417191671
-64.91399605079012
-4140.9801067249455
-5112.2662151175045
-6921.930916577866
-1359.3806260331442
-2381.5671559895127
-3456.0472424800932
-1615.5593599235535
-1062.6188466406118
-3424.2237643969024
-1956.8181723565403
-481.87749466829297
-2655.0859347839278
-5343.148864365841
-4153.037282450051
-4994.318530307884
-881.7710465612369
-3454.3122510489916
-5417.216990981823
-4927.421651825168
-2291.973953094015
-3171.946883327711
-2180.000997042863
-5661.281903824062
-1471.6777870390033
-3126.1029346221408
-2335.7962789989806
-1948.857888237445
-2249.0371623615006
-3968.9875309481777
-2731.8895190644707
-1032.10666480743
-4523.154312023238
-6156.556584754806
-5137.109439026396
-9512.659542839887
0.0
-60.14303511680102
-2195.7038614963058
-1630.1072510653278
-1089.962390545125
-3723.824557087111
-4304.696657283244
-5174.24352293912
-4128.831830088052
0.0
-5526.531831184085
-1231.100964343546
-4365.1406028191095
-1586.0503442328375
-5324.141847491263
-3358.4584481638362
-5038.9022324837115
-3112.5794989504334
-7515.408679327892
-4791.845476387335
-3847.6279007226635
-1909.7972040463405
-4208.81394460601
-2295.922561545778
-1509.4831841969003
-3869.642005847466
-596.6263549511281
-3812.3564463339358
-8563.435818721086
-791.9143435556222
-2628.543063590742
-4772.760926032201
-8256.695558129235
-2989.3532627103755
-3209.1021797854546
-3778.670812548078
-6694.708257935729
-66.14164882107701
-3728.969608707162
-3952.6943049988645
-4787.437689676457
-1321.3601157033756
-2128.9669816026876
-2059.4892070267915
-7.1257863791065414
-6382.878400785991
-700.4581676591998
-3044.7134813010935
-4214.573824554641
-2437.381850356486
-2900.445555145531
-1844.3136224569764
-5704.934065515418
0.0
-4515.068614460717
-3655.7458415310152
-2364.2929087446773
-4995.824980441213
-3023.0651212165603
-1806.3827654043318
-3669.610940311371
-3393.9218245619354
-921.5378943673196
-4822.197828484215
-3570.6954075227072
-3101.1772561177995
-1690.9916701861302
-3320.453850702392
-2821.769501595731
-3369.0388317972197
-1721.4248046188852
-2594.6188083709335
-2458.2766203861665
-2528.9223380375192
-2048.6737861802694
-3233.387878840944
-2985.07950283704
-922.482440216458
-4780.156407091237
-4918.674734094872
-919.5532122610362
-1291.5843238970194
-3217.8822721513798
-5321.79765245592
-3203.4650070351863
-3522.9348832867636
-1963.6700722461187
-1064.466596818652
-5751.890476318764
-425.38080902637745
-358.1295219436281
-2813.247394673267
-4514.186800107095
-1550.0348723192208
-3250.1007034237587
-2285.883469779131
-9021.483640468183
-1696.2801173624089
-5134.05193763419
-2668.213289917898
-4564.370106080529
-3676.718499073185
-1253.187139482783
-2543.6838026153655
-3077.656711768416
-651.065956339639
-4195.531860861413
-3184.8744589245616
-2039.5419055745579
-1277.5477482168944
-5113.196831993598
-5029.102535298723
-1320.3875762930606
-8168.371069196769
-3465.057928471759
0.0
-4556.648523546729
-2085.274565232341
-2030.8983266907815
-2102.352000970999
-3181.8502367773276
-3115.162027416613
-9712.919682780026
-4195.6046800608465
-4921.243606254286
-1464.4456732606861
-2658.1996642925405
-1754.6070208976398
-1371.1922153250057
-1947.2090503729887
-5812.408670308916
0.0
-4685.20776412646
-2820.1031502299193
-1260.421564680247
-2453.686463274577
0.0
-974.7212368606662
-3642.2518764138495
-2725.1915674540533
-448.27587960978974
-2804.3534598514266
-1960.4739403195067
-1539.8487082602962
-4512.488862080764
-2866.7510536217283
-2747.146577418801
-4209.634972954564
-4117.393935561331
-2589.519431458461
-4040.1599985946295
-848.7951898339852
-2572.2635277640206
-3142.7795386089265
-788.5053399160323
-1988.172234648022
-3341.0754132657694
-2317.43182975745
0.0
0.0
-5576.05077697707
-4203.936167394932
-2728.0749233498514
-2485.9988577456947
-2788.5701015911104
0.0
-1012.8707229058911
-3443.9329237305137
-2775.2631401203207
-3356.8476454167526
-4549.5579558500995
-4537.198773782378
-4813.573134960823
-880.3381316769129
-4331.345741501792
-2507.0027705991797
-1169.0102946926136
-1615.6797574776576
-3952.210199756325
-1655.016447481709
-4056.0001655327974
-7316.444297255533
-1497.1209839833368
-1619.4690538799107
-2809.007890246045
-1197.349810908827
-42.70940007132926
-301.0522666136483
-2686.150263939695
-2813.434901604187
-2048.234688874333
-5336.705837477034
-674.0540290100286
-5184.294679055434
-5104.038809219176
-3676.262450783717
-1711.345284607385
-3061.615094762513
-4628.7265367405935
-894.074929452628
-2155.1182839856756
-52.90447041789549
-3521.817144532683
-3261.044330462798
-3738.788132319009
-4740.028530940218
-3757.380456123668
-4780.476644074392
-4302.870380221335
-2210.3498217325873
-4847.252797120956
-1486.8157530271874
-1305.2812573724086
-3737.612290474402
-1823.1323542009181
-719.4583213790928
-1882.2709730227168
-1024.1214635850354
-2916.9225125081057
-1958.5953400742696
-854.3243601045012
-1159.9654496816227
-262.8212952778879
-1243.1375654906735
-5028.18855581232
-69.16686679972497
-4990.368732525791
-2710.361507574808
-6736.316313724871
-6346.200526768527
-7.89677507140134
-3737.507574161162
-3150.099852322806
-4430.585574333509
-8248.887148114183
-1606.0853692362807
-2514.9417871234436
-1645.2456170390735
-4012.620383719618
-4436.3889274349285
0.0
-5538.909676713398
-3935.117766528005
-3310.7957741902273
-2689.6337521674
-2895.9430013103365
-2440.4860053219936
-5127.330835223725
-3479.5701948290366
-2631.414497240855
-7.1257863791065414
-3483.0070390728238
-3358.6684627379145
-799.8164682346151
-2596.909180068272
-5343.938393662677
0.0
-2093.345584219188
-2357.2530058248476
-4238.665227899217
-2529.6047566256107
-4028.5374305036185
-6195.751299805837
-2471.1182489211924
-2908.0055826785783
-503.86906611855557
-3716.891659092279
-1025.1942834063047
-5289.86485989749
-2524.7605103143046
-5048.249713444443
-2885.0178290052418
-1370.1042343918618
-3271.241880810039
-1533.234181508921
-4996.611789208717
-7686.370303228649
-4032.9800929398375
-687.9864696277141
-2879.320550100146
-2980.3038766483824
-1844.2479527642045
-2118.213371379515
-2270.1104182836516
-2368.030174318527
-3646.2636225526467
-4051.7583812417433
-2472.2967219076486
-5246.36018336897
-5080.263598862401
-5073.837391932888
-4743.841023912302
-2480.3697621121432
-5157.736792608704
-4019.2384035597424
-4555.020226764876
-3475.666161891544
-1556.6689279851685
-876.3921901554245
-1101.194739756417
-5397.684862453368
-1890.9877660021593
-1138.8686948503566
-3281.8891637118872
-2174.5139916408093
-3535.892001984203
-1749.5728534725542
-3529.7397874171343
-1912.090136504282
-3927.3092489297287
-10755.574330141146
-3739.982114168629
0.0
-2757.0337663186847
-15052.343493802626
-5013.701241364665
-623.7739841809921
-50.97289827085187
-4786.754574844763
-4818.368739340327
-1920.2480128873678
-2731.870102131081
-2621.6559765513034
-4795.884911721321
-2352.3366544329238
-2368.1776939183696
-3594.6394322433075
-5054.574749510108
-2611.4300826139656
-2984.548737603074
-1997.1184698365223
-1381.942992777323
-5439.70236146957
-2465.7808903243763
-4285.533936584064
-2938.4445194510126
-827.8465060765153
-2590.7141542067156
-2949.589171256665
-2034.4332672916073
-1261.6544130868776
-3506.790286647298
-986.1401387777413
-570.5496197811093
-3281.150724793672
-3201.70859593719
-3777.6949596604154
-5347.115511573681
-2904.0989174314764
-2588.2911318916763
-3164.6009775674906
-6092.952797378705
-3268.760914856738
-4616.20649684386
-3584.455375140644
-10031.619513617181
-8249.36404572982
-3545.49133121751
-2317.0253439278863
-1017.1738129375321
-2369.5708499644775
-3081.8269722930586
-1915.5153416193136
-664.0198464925373
-3582.4137652644076
-1998.9245536645644
-4426.378868300838
-4636.240347666678
-4890.855663316246
-910.354807955286
-1280.921721254295
-8533.667996699935
-796.9578087577969
-1803.6616674809663
-3323.231967570427
-5057.31593124912
-2782.854894638944
0.0
-1616.852511260679
-1007.8013469753536
-2848.0572003893967
-4391.670336966096
-2649.658536081347
-5161.317039029873
-4423.128867666461
-5576.2283946531115
-2387.9385731938773
-4157.2588763901795
-4529.322927027495
-2702.868218200483
-5513.29095814137
-1299.8057341896083
-2347.475972458112
-4567.400960148762
-3773.9043043285114
-5471.567824102174
-1191.8305867709014
-4126.069957001784
-1000.3375045717787
-3620.623995598347
-4827.425419810676
-3926.4822526325256
-4861.941186787602
-3497.439326284164
-3837.515318948537
-4111.198775967799
-2349.2479991505297
-4860.401095934446
-7717.580989933098
-4518.171103396853
-5378.266030515567
-4322.15239258495
-2509.8756851668436
-2314.1251800528876
-4248.431346685873
-3865.8518137904944
-4139.169090106601
-4966.092523385316
-2816.448975731365
-3776.9747770007734
-5877.77310482784
-4671.770114875513
-5060.9357788763355
-1855.0971533709837
-3739.490359677527
-2383.9726035385906
-818.2672281099269
-2692.833650611039
-6958.3463701855235
-1405.3910180128416
-2995.3000065258684
-5590.847020011899
-1040.8747392376551
0.0
-2423.4909912635835
-1856.7680132157664
-705.3583525202962
-1685.938536284669
-2058.148776490627
-5903.2784058734505
-3553.016475625546
-1610.2505217349776
-4215.747725693805
-4658.425959424195
-2734.63572484296
-4976.044405960827
-7905.939053713485
-1910.3690017734532
-4070.2036056554202
-3697.8426526934645
-4449.168133003218
-1004.7311382173693
-2906.2032817900767
-2408.7661780446115
-3377.6334259881446
-5455.105271986615
-2510.8066341367767
-1048.8038900597153
-1204.5503676385974
-3860.143131292336
-3827.304121160897
-5022.285404959299
-2613.5779838456865
-1402.6787153087173
-1427.7354725957741
-1333.303962268807
-1400.5218280098177
-2015.533738188821
-1651.8626957305314
-2551.8267401135236
-3281.042386475978
-2846.304829755402
-1032.8613278666694
-6426.041647674624
0.0
-2370.569065580034
-46.00241300510798
-1029.2111473876498
-2860.2279264405133
-1735.7275687178458
-3605.5235018590156
-2814.3266772461366
-2249.2464875777086
-6776.016462785207
-1784.5067795131436
-7295.837642747549
0.0
-3327.5973030671244
-8.232502234076193
-56.52384208462901
-2172.2417092271944
-3819.829101998353
-1974.9915422824843
-4863.341743001299
-2577.026927151833
-3081.3025460307645
-3391.5546488011705
-2375.673146250763
-3647.6312797949827
-3495.7926574931
-4004.081093040752
-3248.9357633262134
-3407.4760042845637
-915.3718201507918
-5068.413011158139
-4208.9128304784335
-4934.6776825657
-10405.146153669863
-98.78701662927384
-5506.314285108546
-2490.275729114465
-3049.341251986324
-4556.1441179322
-3517.462204325978
-3837.948571902624
-3361.1987827767502
-5843.81013978692
-953.8106012065566
-4280.191647523512
-4664.128461817544
-3545.803765180313
-1398.5432522374535
-1669.4532983870115
-8394.471983712696
-7019.829287594752
-4268.217650815764
-3317.3539451978454
-2306.0622254378877
-3985.3500669529835
-3958.8381238143966
-1635.4569966178485
-8969.63856053668
-1144.273977139548
-5869.03830668504
-2944.3925394467137
-4930.743867513664
-4917.9411591257995
-2875.3640815516906
-3527.4582605297564
-1486.149117195405
-3196.216351620987
-4741.490558712536
-4387.785314288496
0.0
-1862.4989093745182
-2906.713475082385
-1247.3978087086255
0.0
-1393.420047298464
-3590.5665960063734
-5314.822234044284
-3877.31950274876
-4424.199586838673
-348.1653571919391
-1042.3034917498655
-5038.3765698853595
-1991.9279635887685
-17979.824458027444
-4793.226295121953
-1121.970191753737
-5279.600291340718
-1108.7673449320187
-994.6628843906622
-1109.7007576812982
0.0
-1199.2092139087933
-3684.7474719165507
-3621.505259259332
-2788.0852141855594
-5707.90119965391
-676.966426801441
-4319.059490143315
-502.2648394156441
-1202.9499024828638
-3613.540311267535
-4600.756637539334
-4667.691278069605
-5842.560487356783
-2380.439534840803
-2672.8009867638016
-1445.0940921990707
-4545.5091693119
-55.25436316157614
-3380.899404115585
-1711.6498988730418
-5345.887922000209
-3252.1281057892393
-11064.000676997715
-5741.50145938757
-4113.296897285169
-5847.44308881098
-5168.386975267414
-2955.4807385051745
-1101.7987091349369
-1390.8600454503674
-5539.781448956124
0.0
-4923.3028302375005
-3853.8476649900545
-3440.5010480522633
-3163.0669886462947
-1499.7652227797273
-2638.0057328309276
-2586.4934655836196
-3703.8439598474056
-4119.508802013117
-4151.311598973795
-3453.653837932198
-848.8266551009458
-5530.409774782908
-48.64288049541315
-8398.819173024422
-1959.2794390597605
-1819.793695920393
-2366.5854276611476
-25.564504525837137
-5606.361034035764
-2141.8120842492303
-2736.835955235227
-4950.179124461174
-3255.8120923351626
-4673.880697469189
-2977.231400683291
-7331.802879679077
-1443.7972121685414
-2949.479705490027
-1230.539680625846
-2292.39361400545
-2726.5678766830433
-232.90466049935117
-2636.8112439798665
-5245.939787756448
-2928.1987227210325
-3953.0762526782546
-5673.6858033866865
-4348.16327978066
-3530.361512701813
-5708.2948345445775
0.0
-698.6294472957399
-3421.860371244021
-4497.566977026762
-44.371427610234065
-2416.633992164313
-1293.8603775322817
-705.7107577847637
-3960.188483942155
-5440.793949474917
-2233.456227849674
-55.19714087210484
-4386.3520178453155
-3014.870889666516
-1877.6422903701396
-3648.4443126231895
-2632.5267786882405
-4461.18331050911
0.0
-4791.475797138536
-3876.3451859939782
0.0
-65.15326391795833
0.0
-7833.801861488576
-1865.3378174799573
-4232.785881614795
-4212.970973093844
-4661.168273041969
-1279.2994864028512
-3538.6252920970232
-1762.9831989316262
-3262.8965156330287
-4326.386123241881
-3985.3550189646608
-4032.5956413265653
-2525.142114169492
-2260.474703964558
-2508.723897064812
-5276.3304852824895
-1697.7037209586665
-3652.1503415146476
-3976.514699884526
-2437.6543973393323
-4058.74098952525
0.0
-4746.875141769409
-2123.3516732543535
-3898.098716056111
-1319.8867849911242
-5061.039027582722
-2490.7392319952714
-1250.2433981309819
-2634.3355308656382
-5517.623090747267
-2910.725732268452
-4200.033969278727
-5033.0290172210025
-4511.6576626420065
-5558.382759958361
-2813.687110186519
-4608.111377503275
-1824.0517189863774
-2166.652071226368
-4034.6417863347497
-1449.543815586783
-2103.221605362492
-596.3577095548695
-28.236537475707387
-3729.630175810967
-4213.056756971785
-1138.6233792044243
-2902.210197819057
-3110.3263476048287
-1769.002859588654
-5916.646697390022
-5649.751411220829
-893.0655077278055
-4053.446037185645
-3805.2999550792433
-4657.454226086895
-2013.2080556572446
-3764.002474910934
-2810.826722687956
-1478.309235166259
-1980.9890112003782
-2249.5940400862296
-1079.781492327576
-3404.113823719765
-1819.322526247502
-1115.6207248404703
-2386.2238490334444
-2341.6115644196784
-2539.842467936302
-3798.395815698767
-5306.610744833867
-1864.3514715411068
-7083.922447832693
-5742.1656220193545
-1090.6756765375978
-2822.0800408932378
-935.8948531394664
-769.708502503528
-3480.3615849595285
-5325.201048824268
-965.6928462343706
-5721.329563689557
-2826.9731176696137
-356.433477116895
-583.8034190793525
-3589.0099197820623
-993.3929280486885
-922.1515990281999
-2908.171888687052
-32545.26703474097
-3169.746170021695
-4375.773913920509
-2436.048869658009
-1308.4264267721817
-4444.02911267051
0.0
-2628.399108162247
-1994.393128712026
-929.2345846975982
-2406.726081778441
-8773.87515502435
-3475.6713941528615
-4657.907716411296
-2625.756006317325
-2692.838631544962
-1377.5252868654434
-3035.9705084413795
-2338.84847403268
-1368.400592682983
-3147.7509507426344
-3070.0764156709142
-2645.056762579761
-3774.326325647701
-3123.4945367973733
-6770.214701827434
-2615.5359237075404
-833.1571610874748
0.0
-3325.0447202860983
-4662.953247138602
-6509.165695611648
-2129.101890490578
-7380.545473576563
-4194.808584287534
-1795.5276930911152
-1039.665873737092
-48.78791310103601
-3163.7952470688833
-2667.913511190487
-1542.262626434644
-3649.957073428038
-3216.8384819608823
-309.48839077028975
-56.189673957903885
-1542.3638145249522
-1156.1141063513217
0.0
-5200.014149269023
-4841.4717476958485
-5597.455631583031
-5789.546561041901
-25.55894969064565
-1351.214819016128
-958.4368835076857
-3235.8033201390463
0.0
-2767.326270331109
-1978.5892415537323
-4775.583366361158
-7372.376741718983
-1568.3367656286578
-2544.434879852288
-1204.7340451902212
-1676.1255909978597
-1654.3488104362832
-1199.1491488265801
-2623.1261116104683
-3841.842085356831
-1062.1834365973903
-5044.612895606596
-1844.351911511499
-2352.6698790280225
-1892.5317434351703
-5963.11832668179
-4646.637953765634
-1939.747332450186
-4134.579388444043
-3408.4080703908307
-3398.5895833653503
-9894.900174344437
-96.69458156829032
-2705.238448423175
-1339.2118080113482
-1973.6150205779388
-62.31697553113858
-3605.120753103782
-832.5202985371732
-4655.0542130569265
-2103.708909140913
-2801.0841678603356
-3855.231525525812
-2790.2509151088366
-4038.1466238716466
-1636.5469049038943
-3281.616956778947
-3292.6075829124807
-3469.3710970116003
-57.29341425894815
0.0
-3913.7691377608
-3377.8472305288456
-2680.692517783002
-3162.288449031655
-1681.1431015985631
-2568.6438503932795
-4585.207977204811
-5022.3979326770395
-9481.99211868816
-2144.9646099039305
-3653.9677433959228
-3833.4121412501772
-2900.242506140105
-1435.0430918372397
-1491.3214288674799
-4966.712539326016
-1133.7407450423555
-776.6105115059703
-7032.685429544232
-3692.715059530604
-3834.203152997484
-1317.9536185415861
-5691.245168693598
-2110.235753491575
-1133.5288207978415
-849.4993213921002
-3363.7326429586274
-1800.4479872706202
-6389.393216557986
-2565.555255071118
-3691.659598746099
-2081.207784574289
-5108.747790111825
-1483.5646085704386
-4724.656279110764
-3694.1733320647127
-3201.857894043588
-4078.1761802453234
-4008.0874590728336
-966.225854698503
-1372.220810739201
-2269.048559717081
-1042.307266977513
-6789.133579721178
-4855.871212071527
-5019.586916329337
-733.8949917999295
-2770.3341024583747
-3814.245379611012
-2451.8624612661315
-3224.8954704390235
-4627.192002755323
-4515.644142533664
-2907.421541704204
-4536.824536636895
0.0
-2133.3176981441447
-4428.187887342409
-4259.437475110666
-3504.6414408369315
-14456.45097399474
-2262.423350152672
-11.575443852013763
0.0
-1923.64073396699
-1743.9331129985035
-1096.1054133560704
-3340.9514813187566
-4958.734856183844
-2220.3210018032833
-4130.785200303978
-1223.6149207364451
-1623.4957998568132
-7910.038694951643
-1350.9348493949715
-2605.223044564442
-4314.050902979011
-3710.929935892734
-4070.5856520056473
-2266.8709354072093
-1799.6465009273986
-1501.2609197804875
-5248.57379569067
-2663.8708867280347
-2179.1292022046805
-1837.1974836241448
-866.7654060611244
-4268.29109153961
-5061.673406448137
-1611.1964323313546
-2716.2794642650974
-2327.1172817421707
-11221.445339507958
-4563.431994666167
-5275.360579113593
-1616.5581693129939
-4453.227224239668
-2880.242681142413
-4633.98570390968
-4199.94768017816
-1353.4240742501272
-571.5025497269708
-4517.614975277699
-3164.31801784872
-1484.1418830139896
-5392.595358763067
-2397.878070320512
-1909.1767341744714
-4090.0711661945306
0.0
-2114.98406428069
-1142.5715901523145
-4990.362067387733
-4449.143161316502
-3972.6833671715117
-2613.888007892467
-2396.4254393195156
-4967.101309087436
-2294.698773184893
-39.18343737133295
-2984.502078428635
-3248.4967499351787
-2869.1623534381197
-2470.68278790453
-4296.485604678425
-5753.258515851547
-1115.887358439555
-1910.7686241081688
-3087.6680363203172
-891.2862530475713
-3423.0891802507413
-4650.379813976191
-4950.309111929617
-2280.174447429472
-1974.3590036503936
-553.4926258286549
-4006.777388556041
-1666.9915651621347
-1484.55475385341
-1724.9275933514264
-4204.462213795088
-2974.163877068687
-3498.2875648291783
-4291.478890503028
-1504.7072567850257
-2730.993271159924
0.0
-1179.6745753669761
-2598.4916051198866
-3681.129799480503
-5820.69700962463
-2792.7778427155426
-2987.876128007304
-4771.382836438483
-4846.501406967374
-2226.626042573783
-4225.991168883174
-2484.4376614387043
-5310.1204031960615
-3555.66033440866
-1682.5783128733704
-4130.0925721063395
-3860.431204777412
-9467.790855739291
-1966.1943993863783
-4796.839086116352
-1730.9284082195034
-4786.931414186673
-536.0357586633511
-6516.469945472583
-463.6973332048609
-2206.645902247776
-1066.0672288007363
-1932.3528797127547
-4638.861896207937
-3497.3446185184966
-3608.959450127878
-1088.7042329008573
-538.8284705172026
-3297.464852263581
-4473.486628380769
-4710.1364480557795
-2796.949117020932
-3170.6778243804574
-767.9977758652351
-1504.4274674395315
