-5279.609615143677
-4088.910380506217
-4189.9648778697565
-52.801748552188975
-3960.2270974652715
-4592.21213540468
-1404.5790985825083
-3616.8882752012664
-1955.5005847500609
-12749.873429530593
-3587.2296523842883
-2072.081266560417
-5026.187877472047
-3849.689785036238
-269.89971903799324
-4584.748485232294
-3754.9901131712577
-2766.924637238968
-3210.0698760844753
-2553.483812499909
-2779.380837208843
-2410.597622798473
-3746.787998423783
-4198.0734045929485
-1882.044564139526
-2953.7134105477007
-2743.240906275513
0.0
-2372.6792915088968
-3977.9541526763246
-450.22877152774436
-1736.524755124957
-2474.370084673736
-1106.9087295303011
-4391.220552053507
-2531.792755412132
-4123.968943154952
-3673.2611050282585
-2894.6235024161883
-67.33538003427418
-1489.4358562020377
-5171.607945684019
-65.05742069845364
-4146.802139339583
-5214.7640986929955
-6975.345417573755
-1393.6154877719566
-2383.1869092835655
-3457.7700710546437
-1598.6075923154544
-1072.0469875030624
-3616.8823000983975
-1975.6920538630006
-476.44017008548036
-2634.231999955358
-5473.746502083113
-4182.302010117874
-5028.775850916969
-868.1392648435989
-3467.610945118681
-5180.5872741335925
-4906.993978792933
-2397.0410068996534
-3169.717963425753
-2209.402511563241
-5785.343063448604
-1479.4934483128204
-3155.52038669289
-2380.0244142039373
-1947.8879984544762
-2218.6474140517334
-3910.1047047358493
-2913.5330023613246
-1102.1799461422854
-4532.24055439928
-6177.491009018994
-5290.981174775224
-9502.960969037373
0.0
-59.60842413932254
-2275.55864205728
-1637.9987556135907
-1092.0776121496315
-3678.7087872876223
-4476.854670361128
-5168.015871708223
-4096.998811914002
0.0
-5508.360671881714
-1222.636496011965
-4345.43514356156
-1627.5976933729942
-5328.123540712405
-3360.3139236634283
-5083.987379079557
-3302.0565145834003
-7657.566481574872
-4860.351356592144
-3833.5959027141025
-1965.6131658421193
-4200.112353850008
-2344.774340231517
-1518.2005264226748
-3884.8109452583817
-596.8800902162558
-3992.240881372354
-8636.20355591765
-792.7893752120731
-2556.594978072978
-4802.896101476723
-8318.304532124781
-2974.6495968033896
-3249.7800539833897
-3943.55166635092
-6751.101350686743
-65.15513089602818
-3749.7395275874046
-4144.704659182169
-4892.857012009981
-1310.745066405385
-2126.539354752922
-2071.6055353546653
-7.1446740011623575
-6380.769609543007
-689.7270436478398
-3056.2329466594415
-4326.265046359044
-2456.8245628857107
-2891.728871982105
-1885.5943821317949
-5721.308253537883
0.0
-4551.383866926219
-3828.3887025435847
-2375.4105022494427
-5020.913314693863
-3039.239611909293
-1762.416300100323
-3803.9193633669247
-3415.541278549676
-922.4975373194209
-4838.134674810327
-3544.4200229907283
-3115.3584328207216
-1704.329562677956
-3391.483549096322
-2843.104077273383
-3472.0234137862244
-1713.796158374306
-2702.436919324348
-2429.6401257991156
-2536.639685378282
-2075.669703422554
-3236.2177303153785
-3004.0337631580605
-926.4897816090245
-4739.357366627528
-4890.670741384148
-916.8759383310677
-1284.065629140888
-3273.761247997507
-5447.380854028166
-3211.7887532445816
-3560.7958569885486
-1959.4011006402168
-1047.5275147084674
-5697.320881947417
-435.090580139616
-357.5811744491994
-2832.4379676172116
-4538.4936613513855
-1546.4067083945718
-3415.3535225826517
-2291.844294555447
-9133.971044851678
-1652.3254793233473
-5302.382690174356
-2649.7917050914616
-4560.5129050926125
-3585.0887690966642
-1229.4941695576674
-2647.8914858042554
-3194.527187063553
-647.6730990621952
-4203.014243391409
-3184.967087955525
-2049.037338297966
-1296.2804657643524
-5142.94809966763
-5025.95650829195
-1288.9056083994835
-8307.610172513187
-3461.0085589016835
0.0
-4579.763410191137
-2091.7792934350095
-2061.8576751785945
-2106.8629872561446
-3176.5882259372056
-3115.347598562707
-9650.321495236603
-4216.735201236726
-4912.142490325164
-1458.979358427554
-2662.681295242083
-1743.389418560531
-1446.59167185041
-1915.8670824183193
-5797.041591799765
0.0
-4779.295823564933
-2870.6354285998445
-1240.88874167713
-2489.0839949075
0.0
-975.0483066173592
-3643.034518211671
-2696.70967162522
-445.3617275200481
-2793.5745681875774
-1957.8284100352812
-1602.1240163533985
-4716.347730759001
-2862.086832283592
-2653.0256338773065
-4196.1986710999
-4097.238581468385
-2590.966305027146
-4196.54582924124
-856.6706882640194
-2697.3537727750445
-3165.2874690751787
-784.6677055426983
-1990.9809624656937
-3331.5033540649383
-2358.8958623199887
0.0
0.0
-5685.181870937212
-4258.045924540247
-2709.7597455843875
-2449.8746515746025
-2991.689121375739
0.0
-1002.5423729008904
-3456.1789788417964
-2816.9138089649737
-3476.318733321438
-4528.009104376735
-4528.1189715211385
-4920.1597419001155
-860.2465002504802
-4317.97199768151
-2538.4778816940143
-1159.9868929156162
-1587.5490241537955
-4073.0226854024036
-1705.515111471067
-4030.908049110033
-7373.07063096835
-1504.3712884959755
-1612.177908507852
-2807.1951681648447
-1192.4061503313346
-40.987415668362125
-294.76594079976
-2708.7940593460507
-2791.038070110229
-2054.87295011124
-5323.383740075403
-656.0484051792201
-5155.844096849959
-5108.499923918909
-3713.5173580343135
-1715.365217269567
-3078.543857398193
-4605.882202392182
-874.7861859435139
-2281.176863717071
-52.92145786152952
-3536.1293252394585
-3322.0251252168314
-3702.92873679213
-5028.869904089561
-3714.7276773237895
-4863.092815855475
-4359.818303084167
-2329.9984204826515
-4898.435175967881
-1456.3602796140124
-1284.7753023629527
-3781.775452437533
-1823.5020661494248
-716.6989102460954
-1922.630605484357
-1026.7126449889454
-2968.9676975711395
-1983.8700985488344
-853.3722849171858
-1154.6585802536144
-269.8042156720679
-1229.3329270251093
-5039.724536464898
-70.14350085113763
-5266.721344448357
-2692.279808671685
-6785.375911092679
-6389.292220063989
-7.893221772457652
-3749.6590346503176
-3166.2804853662014
-4467.297893228494
-8282.793307652373
-1613.7264692693648
-2482.895183069152
-1640.9432282589114
-4072.583112898742
-4546.267978943856
0.0
-5603.101173019888
-4117.342916194227
-3355.787238414002
-2738.852829434982
-2890.6797525070924
-2461.396447974884
-5136.323334515064
-3652.626089972793
-2621.3097220127365
-7.1446740011623575
-3523.681631351038
-3391.572589189495
-811.8799534638194
-2619.083481861562
-5384.654591251281
0.0
-2106.556956353868
-2365.7267199580515
-4252.49568862722
-2536.1217328584885
-4047.4728720383646
-6214.429132621434
-2505.2377051112826
-3048.8154621659573
-542.1235852338642
-3881.402152246372
-1016.0253157076099
-5422.845765747357
-2584.0711240640935
-5188.373763685997
-2921.240944374884
-1362.95815303409
-3246.5820742900196
-1539.3819301718227
-4948.846032032528
-7671.071808870845
-4055.1934181892198
-697.2167509134322
-3054.9275615067554
-3012.588799629585
-1843.2965194342762
-2125.5846260573735
-2279.396484414521
-2398.565618121994
-3680.840002436542
-4049.59601905988
-2544.664562524795
-5213.8439685951225
-5099.57216753037
-5036.4859219439895
-4746.24327706621
-2480.1121482409458
-5192.883771363606
-4057.6625338304657
-4588.362029556463
-3525.001144120511
-1670.0855883013928
-841.0533210205622
-1092.434770497006
-5405.001933103017
-1906.0364794578113
-1117.9370704741
-3294.2188535806195
-2218.9354456162737
-3687.8320933925156
-1721.0466462627123
-3555.153709047397
-1920.9189992937656
-3937.237790706729
-10726.608733325394
-3768.2129269822103
0.0
-2764.8212129741896
-15036.763036457269
-5041.510935507932
-615.3487574142082
-50.97752251044032
-4900.478398594366
-4898.320812679697
-1887.346205510451
-2734.2922628353554
-2695.784060493244
-4942.639258601336
-2358.8074414272164
-2404.943722636596
-3643.0855075841955
-5272.97090116603
-2682.755921992157
-3003.089099533911
-2046.2081902453629
-1371.0363410940645
-5599.092375912371
-2479.4364898549416
-4297.880092704013
-2935.6375511649403
-836.1515224631603
-2604.130172406297
-3012.725398659456
-2010.1173243365693
-1241.5171207445842
-3545.7655113777487
-1028.7300102114007
-554.996969130269
-3306.791010040286
-3276.561660175862
-3954.5478966642318
-5452.618790582178
-2905.2563403863564
-2580.4722314781347
-3157.346636916402
-6159.074495704769
-3222.517785236817
-4659.425073408218
-3592.3094886296494
-10017.976960178414
-8347.416151897027
-3545.535551992213
-2403.204487582352
-1010.9634519993073
-2332.5386100090823
-3279.76590614024
-1874.1438395006783
-654.7895477478235
-3732.238664926717
-1993.7577938625705
-4432.6001321751055
-4630.58023321907
-4883.831387780084
-879.6460515122724
-1273.7456420735837
-8559.891199927672
-785.8023209845347
-1796.4147597539766
-3502.513857966798
-5073.199705886923
-2788.025614536308
0.0
-1620.55675071443
-1031.87350779516
-2963.406951732169
-4500.677413555519
-2667.3819677894558
-5275.645703340743
-4389.76032726293
-5647.71523588779
-2381.3244034053464
-4155.390090722844
-4507.484789908392
-2684.252671855947
-5507.701532164228
-1273.6098311095773
-2400.860054511357
-4609.5195689831635
-3779.3638817496985
-5450.153014232906
-1196.0697520427357
-4098.153984294996
-977.1797919913413
-3678.9681051888397
-4810.577819201128
-4033.614670715897
-5014.813813850247
-3597.273647351954
-4019.634050762395
-4288.734531761948
-2347.829621037049
-4813.7631202138555
-7699.959444415056
-4502.878533802435
-5510.891994063327
-4357.372267112551
-2591.6719452879115
-2299.7852700178632
-4325.277951334907
-3911.766528073103
-4151.260963062163
-5012.715415329263
-2844.546587236374
-3731.827113668981
-5958.91669282189
-4722.2594098934815
-5196.703890953768
-1828.7403270505838
-3786.1067269525824
-2294.7057185603185
-837.838768955039
-2707.220513972823
-7120.301578059593
-1367.0048150941723
-3010.5083074285535
-5580.573210503003
-1030.6133702919603
0.0
-2543.8651865947045
-1978.3636405376094
-720.410307523864
-1712.9449235688326
-2193.435926223025
-6051.502145139219
-3524.5984678040036
-1609.5927683054779
-4205.802352208515
-4760.230105412482
-2765.783664621174
-4947.968331531547
-7933.91525087646
-1991.9433281688162
-4090.7977108468463
-3845.699613853908
-4582.325577671067
-1079.3448405166448
-2906.9702122241492
-2362.839996570072
-3287.6842608793313
-5409.199948730727
-2514.377648130208
-1035.6530665437062
-1358.6763574754768
-3906.752860169839
-3845.2518776239226
-5013.386451199407
-2640.4759381440317
-1410.0883301837603
-1405.6945639106243
-1332.9810116587635
-1494.191661681142
-2069.736989151167
-1653.5300066670088
-2626.2508191941743
-3376.746255982999
-2868.1997352644707
-1093.003380774784
-6378.189388188926
0.0
-2369.4103279474234
-46.35789433279665
-1025.4953520658867
-3007.075729807919
-1723.1044826298719
-3528.1560839949643
-2833.661491225878
-2270.0724120105697
-6740.2508664808765
-1801.5452736460552
-7305.208971115157
0.0
-3343.856981697106
-8.041578429068995
-55.94778750364668
-2121.61916502234
-3814.6300105171035
-2042.6285938754322
-4833.340339206263
-2595.1038834621695
-3079.527031675089
-3516.4444623593126
-2376.025530629392
-3689.2771463171357
-3515.0127013318674
-4038.726550314112
-3363.0847865812134
-3413.370659369526
-900.2799917648705
-5201.200074547088
-4331.327554944407
-4867.730751285732
-10363.179922203728
-94.42697069263828
-5552.5016500026195
-2451.1934880399917
-3039.2528978302526
-4713.711508432801
-3611.9111480226347
-3832.94781710993
-3445.561108571722
-6036.743663514727
-1016.9163709674045
-4243.448717557135
-4882.178665030342
-3546.960733371709
-1451.7650058495733
-1677.6227093156342
-8381.864203980998
-7041.433125491643
-4273.081548014827
-3308.901382721039
-2341.618696783727
-3997.423681004515
-3960.99999246234
-1634.893168463427
-9006.647553389219
-1160.108604807967
-6035.6580337043915
-2923.7141284122968
-5140.608543510145
-5000.625823823512
-2908.063228312279
-3690.775594879393
-1492.3762137949425
-3365.776498154117
-4939.618525360035
-4439.216111262189
0.0
-1877.2787484990336
-2926.265057278923
-1236.0826113677508
0.0
-1363.9035879731935
-3617.765734580772
-5325.118217583932
-3894.9620253031385
-4468.130950447619
-348.30123661989165
-1040.5459328189722
-5193.528075670746
-1995.02004266927
-17913.863867411557
-4761.5051693139685
-1104.515174481412
-5194.350497421709
-1110.3677084104415
-986.4641530408148
-1107.2453087405038
0.0
-1234.5678394284753
-3659.3151142249035
-3762.021122809612
-2810.7976113762966
-5720.140008051397
-656.863266599948
-4325.0033358998235
-500.9044646051986
-1247.8287361290463
-3564.609610923266
-4726.849804230887
-4769.346121872699
-5814.767021448103
-2402.6419109223293
-2716.796583446842
-1436.0185641201754
-4550.2927371846345
-57.26767065509686
-3431.0554757571367
-1712.9119737702042
-5395.566671582644
-3256.715946942999
-11095.044206745462
-5749.762834559232
-4095.19592216955
-5822.869460678857
-5198.303477279526
-2986.7681310515104
-1075.6799666733918
-1376.9317388728505
-5674.300434709073
0.0
-5101.612493611816
-3988.555226378365
-3442.978444191637
-3263.3870604706913
-1474.0162444285654
-2658.807243312402
-2609.4986080211866
-3744.5699110303804
-4139.553097570711
-4200.2117888132825
-3453.3553766300934
-862.749976237884
-5639.887673347814
-48.45161882771708
-8372.709885916682
-1963.7724173411748
-1819.9874879438698
-2361.0013462619077
-25.973765487256088
-5674.831254578652
-2151.292249597871
-2701.481431926879
-4933.738259138133
-3232.5571247680937
-4709.186151391088
-2969.9494191038707
-7308.290289592554
-1538.0716835281555
-2907.260876728156
-1203.0301284331033
-2302.2716968091386
-2774.1857085004567
-236.31655883732734
-2644.39779966806
-5225.726207364535
-2992.428005314005
-3954.234131032683
-5678.2170169341
-4385.985270812368
-3519.115641147621
-5816.187990702895
0.0
-721.293903961881
-3469.1699240596513
-4649.823382563481
-43.583601436779844
-2627.6483559868593
-1255.1287789554021
-685.5143775485786
-3949.111102520416
-5458.814331420799
-2222.9525201915453
-55.15195103297002
-4478.066474261844
-3051.234904069271
-1885.3563164276663
-3866.167619799476
-2622.216136441362
-4704.327517016732
0.0
-4784.662323577529
-3841.1692313843937
0.0
-61.2823548632727
0.0
-7892.645062403679
-1856.562689934866
-4306.37279945871
-4338.33216980593
-4664.413827404619
-1313.0427829598877
-3572.218658751452
-1788.811490874541
-3268.89332352888
-4515.628952872517
-3963.544674337599
-3959.884433769789
-2535.3108753863066
-2286.9858097186625
-2527.2984676100423
-5280.537391362035
-1665.8910652292714
-3685.4920538236984
-3995.971398271354
-2427.5131470952697
-4105.653837122843
0.0
-4728.003075071765
-2106.072238255122
-3885.783336103249
-1318.5466169936917
-5040.277634749566
-2468.3734183753713
-1310.3796854896505
-2679.7410074132026
-5548.408018011364
-2889.8565246979174
-4264.830595186591
-4997.276955957408
-4514.423555270442
-5521.698340069062
-2832.749738066253
-4707.06367830514
-1825.2735735580704
-2183.880564926108
-4081.084701626574
-1465.4827823570497
-2169.9144504722967
-589.9424348754673
-29.505919492370285
-3767.334208978643
-4173.236652519136
-1096.9207471295726
-2834.724821427952
-3135.879034418012
-1780.4762600977288
-5890.26842786927
-5620.717043829679
-942.2659062332307
-4176.864559609408
-3872.4945964555204
-4624.024950454925
-2017.6970703020356
-3747.6960836665116
-2854.992344278512
-1478.5630255142316
-2020.029790172842
-2299.5172043687417
-1100.0538154824276
-3369.768972386154
-1839.4226949933698
-1096.8051181921392
-2385.0030611315447
-2363.4881280345576
-2601.178894374901
-3797.9878182819953
-5356.971742921175
-1911.3071480516476
-7135.230762009648
-5712.236642888971
-1049.339258229696
-2825.5204110810146
-940.4614602030424
-766.2650402497738
-3498.287695956422
-5412.749736879805
-947.4724785958027
-5850.505359149119
-2810.4909507724506
-353.6502730621691
-585.2718528276993
-3584.1424248051476
-996.1552275829964
-932.3415043937786
-3005.0580032846406
-32569.77648523192
-3184.226441266976
-4401.477110795535
-2361.058502498532
-1307.4010915912993
-4450.057642690645
0.0
-2639.244638920257
-2086.796966638776
-956.3343647845047
-2508.4906830560967
-8891.845936994547
-3630.24677913436
-4760.640040516337
-2597.271033951082
-2865.0885584114344
-1343.2600471854466
-3034.3585468089836
-2421.0357431807015
-1373.2583674723605
-3312.645189527654
-3077.824796077397
-2686.09628810525
-3777.7906095365884
-3158.570513712086
-6716.283398449083
-2680.6916553262195
-861.1092694215464
0.0
-3342.81336989613
-4603.336824064751
-6475.9581998788335
-2119.506001388015
-7450.489719505273
-4294.692910113274
-1770.0155074028605
-1117.236313339833
-48.66333941454515
-3160.6973857335893
-2692.3940344359016
-1535.5516193619371
-3647.5782970874666
-3218.2763410704474
-297.1933647162972
-57.996391693955275
-1532.6868714790276
-1159.008772692394
0.0
-5142.9475926779
-4796.898335155044
-5679.2473524298575
-5950.2515180124055
-24.989080830486834
-1326.4911288113735
-947.7084960090197
-3214.609182639171
0.0
-2745.7249727298076
-1982.8744449026897
-4779.779942042124
-7333.541071301699
-1576.6465613392036
-2569.9907095281133
-1194.0417090527076
-1682.7405958829468
-1656.5768021477752
-1208.975869856685
-2664.24599049875
-3943.817272072963
-1063.092644043045
-5094.22485061758
-1833.5788204994553
-2405.421419376769
-1910.6998739893756
-5973.264516047226
-4884.767723812724
-1927.7002980741645
-4120.564271222275
-3375.4431251386186
-3454.110039979126
-10029.20865473154
-101.4092341144394
-2676.4340620441335
-1317.7133670358685
-2142.3982322554516
-61.22614680076802
-3567.3412358235055
-854.6009289574407
-4706.12071048088
-2222.5799751314225
-2829.789942391641
-3769.8251120249274
-2779.298360787506
-4287.648190560994
-1625.1530387282112
-3316.4574373310693
-3449.7640570767458
-3507.5069987280203
-54.28415940728977
0.0
-3902.3792871059704
-3530.998423303318
-2739.2778194014595
-3162.475801059364
-1648.8163053466847
-2575.6761639952597
-4623.991358431752
-5094.915964741331
-9465.829270585682
-2164.5613880640203
-3645.1392953898276
-3902.4240914784796
-3053.5266239151997
-1424.307650837232
-1487.0310695599912
-5057.782448041474
-1142.8155700500793
-774.7996806768757
-7007.000436522507
-3740.744775522891
-3841.2852884381914
-1302.3788161827133
-5792.5860625532005
-2087.960051954161
-1091.80772773285
-852.6167711481382
-3419.2107563407285
-1890.3254358450608
-6360.342320802348
-2638.9144845641595
-3818.8873115105466
-2202.8267991941316
-5069.3039658389835
-1480.695126932858
-4719.272972739142
-3711.1491108681203
-3221.0404081290512
-4146.817906663878
-4020.0869628258565
-1008.7458893619795
-1356.4458064231912
-2307.6377430089683
-1047.5535634521148
-6798.312284498071
-4956.619202215744
-4993.173279678588
-728.1543313126634
-2773.4714988690625
-3795.759613372986
-2438.66342343356
-3241.7225560408747
-4660.185813505136
-4695.198583879081
-3005.913216410134
-4596.625099204552
0.0
-2089.6645559790913
-4441.375393937417
-4279.23468023441
-3561.6123706728217
-14432.400810266588
-2282.4183260624013
-11.711599596969172
0.0
-1933.4414579645847
-1730.3663866968639
-1117.0281917970713
-3366.146586033639
-5146.194793809932
-2207.25144934648
-4338.428815783263
-1207.1939738981287
-1614.0527033083765
-8009.708245801508
-1326.1773927692618
-2583.6767490997486
-4332.780940561347
-3862.9389469089897
-4086.328373758143
-2273.9139966498924
-1795.9042793875028
-1524.5878530783966
-5245.933468785125
-2653.7316883481612
-2282.2337951429663
-1859.3899984233358
-849.6576766189446
-4312.651049242316
-5119.772464166697
-1661.3637429303697
-2739.9295255708403
-2293.265773326812
-11231.458711826253
-4647.702230933185
-5341.091812028417
-1625.7764924432443
-4716.115477088264
-2868.785655397942
-4642.848656591061
-4210.596729765095
-1292.1395631631374
-571.8393436251307
-4518.444840805237
-3183.4722143671293
-1428.3541754897458
-5475.4601339928995
-2360.4053919026223
-1913.1589243598353
-4101.0982666349655
0.0
-2112.1608112800022
-1189.1271277744106
-5176.901864385016
-4440.779853615965
-3990.041367844047
-2600.845952363201
-2383.491398014123
-5192.3416772097435
-2337.6209215212134
-35.00382820967447
-3044.736915700021
-3245.4799989203157
-2888.570747622881
-2524.0463036438023
-4274.38897777901
-5767.059558929827
-1115.3219609312637
-1976.7953241387675
-3252.69760055453
-883.2528495532327
-3432.1703183985333
-4674.167546046677
-4956.2023478872225
-2378.39598918084
-1993.8099664931028
-544.0233006931144
-3996.2058026926834
-1632.7499221277333
-1583.2541549211355
-1719.8974387647545
-4228.487315986297
-3006.6071903561838
-3580.9991103733255
-4462.585138237316
-1504.2553064123485
-2729.6707947603268
0.0
-1172.318547670251
-2612.3560063919876
-3656.2695347752224
-5819.943045499813
-2749.4402299424064
-3145.5593016506145
-4791.027989613988
-4919.303357039687
-2205.1856249601233
-4234.781296835303
-2473.354349914187
-5334.003128825288
-3571.353089005214
-1722.5483563178548
-4182.018577050825
-3840.509413973409
-9436.980905107082
-1974.8623093960864
-4750.400638977789
-1755.0120400731175
-5028.259105915891
-539.2769145945888
-6709.080270607332
-446.0965521168518
-2216.238010413499
-1147.4472112464632
-1895.8205356887322
-4717.662216074343
-3647.8396804209624
-3776.783181139019
-1085.8159112694846
-530.3530888161723
-3459.652727392087
-4476.66293013685
-4678.361987434117
-2765.4859257754224
-3136.5883244706997
-765.0288261380954
-1499.925301453162
