-5349.608171462431
-4093.958873555434
-4225.404790521974
-53.85016778041052
-3964.100308571028
-4571.228901984399
-1399.5734442043988
-3592.533107200878
-1955.5401347914037
-12778.22290608213
-3591.8391295745946
-2139.7495529556554
-5176.269733083084
-3831.0799946551997
-259.2212975453747
-4623.3109084843245
-3787.2823164479373
-2766.1771024151903
-3217.7162123013695
-2560.9586681082433
-2758.818213693455
-2473.5927363737014
-3766.864210188808
-4200.740960582207
-1935.9429134438412
-2999.360246278396
-2761.607151283719
0.0
-2416.391219270337
-4190.074820732132
-449.31114635102705
-1755.1566525119865
-2496.5189691882442
-1098.5071111860839
-4478.1673854084565
-2559.2015739055746
-4114.565092460856
-3802.2084576019397
-2902.210108672595
-64.79684185774919
-1400.5258492495564
-5150.095097669575
-67.7195586350327
-4136.8060344971
-5343.043022322738
-6930.286127693967
-1438.5353692214617
-2405.880297372317
-3464.7782909110233
-1605.8525026578463
-1067.7803418767967
-3636.523858597309
-1986.049782860421
-500.76147872127774
-2724.285328516724
-5665.297175334532
-4253.712105971003
-5100.991082318016
-870.1006550100795
-3423.2828585244756
-5417.564563566152
-4952.397901092325
-2292.934670104092
-3120.2130965922784
-2261.0808364607715
-5766.672273355938
-1505.2989123525629
-3219.0625095635396
-2470.306620449426
-1925.8765724225739
-2290.500200034587
-4026.042529681044
-2933.239292048756
-1118.1128508602505
-4498.807790663973
-6191.334703825471
-5455.223755373435
-9443.488657710624
0.0
-61.995284632865186
-2288.2375385221358
-1652.8340700269737
-1102.3314705567504
-3697.271358431167
-4544.46765969711
-5161.312792573594
-4100.918134437744
0.0
-5459.5734102839915
-1217.254887659552
-4351.233229710167
-1643.5472861670576
-5329.708655026945
-3320.0014743896313
-5137.824594121419
-3312.866630448927
-7705.20304607935
-5042.6486631445705
-3868.5836413320794
-2021.785345605002
-4205.559707897385
-2290.3048752359937
-1514.1155548498614
-3860.8021419301426
-604.8916034321486
-4034.099049625903
-8587.016276872415
-804.9347074258936
-2619.8556214794776
-4846.146091445667
-8302.439458129727
-2979.978268851556
-3339.2291594490785
-3944.0184572330245
-6641.232376044945
-67.07059154991046
-3711.6789234578705
-4152.80275988039
-4875.311153367039
-1356.2849824231087
-2136.3259383801483
-2083.041548562006
-7.188160449347191
-6410.422660186011
-734.3610381585429
-3081.5501272736424
-4531.017980796124
-2480.516794919672
-2918.894887593824
-1916.2336446964594
-5704.234839984226
0.0
-4615.980919053429
-3871.6071456025106
-2375.2128291450604
-4988.732673098736
-3045.362296203432
-1777.0674634499999
-3649.836666686647
-3398.731034696329
-914.5367805090377
-4849.422795165652
-3572.6221529818226
-3094.945849575823
-1690.1619905420598
-3484.3671664290023
-2834.250675011342
-3647.7981907147937
-1723.652191680114
-2612.6074563210623
-2461.014619965615
-2555.5079352361813
-2020.2254391526205
-3218.2054671845463
-2997.684672698045
-934.7355964963722
-4731.680570016426
-4878.618349286571
-909.4018702405422
-1311.0119883479656
-3294.6404657253497
-5417.864715148575
-3194.5802881275877
-3628.1391679892536
-1967.4910533295592
-1067.6904167765213
-5872.067016071209
-436.23800586953365
-360.37494585275545
-2819.7391369296433
-4575.611595103867
-1537.2196296083027
-3424.595696052374
-2267.832950235686
-9126.57158177524
-1684.1581225636785
-5259.654611555565
-2640.1793325924186
-4534.783115189534
-3731.2097886235924
-1263.0055068841984
-2633.128472860248
-3302.9446938462106
-650.3179711880168
-4138.033160221051
-3200.30485395484
-2113.8351605397684
-1327.0340011902476
-5176.266401508852
-5055.463037436014
-1312.1564392230991
-8291.504232995361
-3491.0319782527736
0.0
-4530.23283820934
-2097.0194921204225
-2078.835689078736
-2089.3167742579762
-3214.262135236465
-3132.3464787089406
-9611.740940741094
-4177.705885402443
-4896.952029222338
-1467.196799299563
-2716.9331050231417
-1753.131637655013
-1435.0637919110245
-1946.7147011219831
-5803.386669392225
0.0
-4807.804520129069
-2970.47308257658
-1258.9082710053488
-2485.975712964441
0.0
-986.6729498959697
-3660.099377007525
-2734.4854777131154
-442.2098084432596
-2803.743242889087
-1967.4098005297888
-1640.6947254693957
-4497.149048002547
-2896.8118044180064
-2811.0735436943337
-4337.133301990694
-4139.316522924057
-2582.027216649052
-4238.4288559623155
-848.293363632757
-2623.4948543169508
-3221.458049983967
-815.8301243296469
-1963.7042601139904
-3408.8973853908483
-2420.7113398205347
0.0
0.0
-5808.087381285124
-4283.029302481497
-2696.8886288822264
-2480.4430703967173
-2876.519694828387
0.0
-1014.0083510100446
-3504.3391088752687
-2802.5820254530036
-3385.335298003462
-4506.943025677455
-4505.685967565864
-5122.412066185975
-898.7406525431803
-4317.657842093425
-2523.1196162527617
-1179.6038683639722
-1615.4074119081058
-4091.6612587970594
-1704.3671916493636
-4035.8320403329026
-7325.322451237443
-1507.4764092361875
-1644.2403102775986
-2845.1832260828114
-1213.5429437888063
-43.283179484057655
-308.04441939863864
-2791.983890086278
-2829.4870069458025
-2082.438265550908
-5441.37120695109
-674.1994499025709
-5128.251828949236
-5082.125675420567
-3810.0754912358725
-1718.0356073689254
-3054.5860909900066
-4730.677299270137
-886.0278602322878
-2141.2405785729484
-52.52340925715316
-3499.4281948638463
-3326.3461475252466
-3752.1428506968737
-4869.735148880792
-3748.688165923977
-4981.454006963083
-4383.804125332432
-2241.313477441434
-4911.352193832455
-1484.9299388787256
-1318.8171081880594
-3799.4536874900095
-1839.2025994118626
-723.7697711512562
-1987.412110261545
-1024.4637342579204
-2961.6641288076453
-2002.9471924082645
-870.0813907491573
-1146.8263077330234
-258.7704981204299
-1247.2357572171557
-5009.726301517416
-68.60002588894721
-5016.388753011423
-2761.6246583537104
-6705.821196890599
-6359.074164204834
-7.884933719204615
-3712.6046080827014
-3131.7052799542585
-4527.577912748843
-8186.892039755992
-1594.7959304098786
-2517.5777796460793
-1641.9612845872007
-4100.319014713389
-4749.473380551686
0.0
-5643.891594410903
-4107.513547990158
-3322.90109684267
-2696.9471767749815
-2925.0407907491126
-2499.223828034721
-5201.855889005448
-3699.261401440019
-2632.533537074064
-7.188160449347191
-3583.232208900035
-3455.471570802361
-802.2699800617139
-2589.0708191282665
-5454.873826703818
0.0
-2133.9355415423106
-2358.746621407217
-4301.715690039837
-2600.633815852633
-4168.710887159624
-6312.43755672465
-2498.685119102468
-2890.4662218522813
-511.4521198505362
-3895.556153875715
-1018.8196030514438
-5485.349681004307
-2605.2559222432046
-5363.770722337452
-2928.7342161248666
-1388.7090285360741
-3249.6332023282644
-1544.5008078105946
-4887.3756327727115
-7618.8060616720995
-4149.46913130628
-695.6153180484836
-2926.1949172449467
-2964.3643784144383
-1873.5429365627308
-2185.4579090549987
-2309.932508107122
-2351.9883486864724
-3665.403801233395
-4047.666695900314
-2607.2504625312536
-5233.044308013686
-5083.398086315983
-4975.181200057424
-4761.924548791526
-2484.8289813386928
-5292.863432431725
-4073.192898140569
-4738.36954475344
-3526.8066056614125
-1589.4568388497785
-868.5188971090143
-1106.706658497774
-5432.785040979829
-1927.130232632813
-1128.6417841668251
-3389.096825205232
-2260.5626739862605
-3739.9608413274013
-1723.6985493460777
-3578.0175839403246
-1926.734071189157
-3931.06288182867
-10707.257746580613
-3750.5921639084627
0.0
-2740.393059767497
-15104.383474734632
-5123.3607705273225
-629.0915281976329
-51.22507789866653
-5011.9021572170295
-4989.353391238905
-1886.145429793428
-2740.2539814544693
-2743.148546167946
-4969.400278895471
-2401.6855533371518
-2354.64984968332
-3745.385669671163
-5283.163116141191
-2696.924372351425
-2984.579375825547
-2078.5006132519898
-1392.9501553742896
-5573.415914938543
-2484.8985370884207
-4328.587163280479
-2932.2961036844854
-830.8707818706694
-2553.109808704987
-3001.8617299678663
-2031.8164125624971
-1238.1383761819152
-3575.34249682235
-1063.3703397642516
-583.6923113826106
-3360.517433413283
-3348.8156447269466
-4004.558907090614
-5566.166699591778
-2899.1313402499995
-2608.207343570819
-3151.7408678005377
-6268.038225909599
-3238.269205080228
-4684.475318807523
-3576.20258657636
-10310.801619199869
-8309.698200993158
-3545.624285205609
-2417.491018106141
-1012.0082615549694
-2345.9071515619917
-3277.581761978533
-1914.1802174970298
-682.7847206342174
-3750.5516466290755
-2011.9403071049367
-4427.977818512279
-4628.095311394319
-4869.004771843464
-904.6680508349727
-1284.5572299740702
-8728.461761331631
-799.3755666780495
-1823.9111286059049
-3513.0655474609816
-5075.982657796182
-2773.2348663693783
0.0
-1658.6501575839966
-1018.5639064786545
-3085.5722354533
-4693.3653784954595
-2690.6357618809343
-5563.359761523722
-4352.528597292567
-5672.432749211566
-2385.0580490560706
-4142.411012161315
-4474.788328110682
-2683.6805736362826
-5508.32079244058
-1293.873126914278
-2417.591189963238
-4686.512177753372
-3841.8213695246154
-5598.002912425342
-1208.7785557700179
-4129.407219004831
-999.320847165617
-3647.2399027504207
-4932.682814061573
-4243.446061312919
-5201.577011461081
-3724.451619728415
-4021.882803370388
-4311.322003769549
-2390.234344628325
-4957.0928506416985
-7733.20286802919
-4645.005537271339
-5749.787078778188
-4380.825944559322
-2611.362574783393
-2279.5230742529793
-4328.19514184506
-3894.766428252283
-4216.037921185113
-5038.7628588795915
-2891.4661050242817
-3673.6521928086104
-6062.50862734869
-4760.608132582927
-5388.222410236506
-1826.4318416565825
-3892.8270840321666
-2419.067607749988
-820.0639832078964
-2746.124943602644
-7191.884538693642
-1393.0724103352877
-3008.404743735399
-5573.7331448871055
-1037.8056342079967
0.0
-2657.2375923128884
-1899.2830355454169
-727.9107125201982
-1767.7655425382693
-2053.93874332012
-6116.208535561021
-3559.523978681265
-1609.6258949653245
-4199.323928595745
-4985.368980384658
-2725.537398663603
-4940.398374533549
-7887.896140695587
-2037.232198692755
-4088.8109909389195
-3861.6853944996633
-4539.799927266385
-1016.5464162233636
-2911.5310011414695
-2340.6054483790804
-3312.6209746133964
-5560.684764341613
-2542.0631273471276
-1047.3856133498773
-1288.6089054459935
-4051.9691460193444
-3860.7093853970823
-4993.854963391541
-2645.881888095058
-1385.1777627440185
-1444.9976139318796
-1339.1594101717264
-1415.1099660115447
-2083.768349506704
-1659.0984468190989
-2706.7985526476546
-3547.6736426018556
-2830.7034029119886
-1114.9004640862406
-6376.612553788026
0.0
-2379.393883804931
-48.25422878096866
-1023.721329083616
-2900.55714381043
-1754.747964088451
-3576.543999711824
-2779.954142036587
-2271.463839843799
-6758.728202738608
-1796.022007224886
-7291.760222811474
0.0
-3369.959081691186
-8.107537675030468
-58.62268288411689
-2182.817670024264
-3898.983131712954
-1964.993336033792
-4912.459147238186
-2563.793773633007
-3093.2004009564516
-3359.256880206763
-2392.1147838378147
-3680.8434967439043
-3514.930179998608
-4085.8898364212396
-3475.355960733849
-3427.2086346519477
-899.3970756524188
-5302.392518225697
-4461.289521387668
-4975.328005287271
-10410.43770409051
-92.62230276313511
-5504.448915332385
-2477.161828595726
-3053.6312321305695
-4763.689827026043
-3627.6185740757724
-3806.1434463935425
-3387.7741371394054
-5920.414103975805
-942.1737437784624
-4249.96599662562
-4674.326489401877
-3589.649662463811
-1391.302772668537
-1704.774667666895
-8362.792778514577
-7054.383015459502
-4263.250148630428
-3275.5665503253226
-2324.0173435725756
-3974.1091799873097
-3965.632339310881
-1650.6365620933475
-9082.065575874187
-1162.179082915703
-6023.865346807406
-2909.632715745931
-4960.387201238159
-5023.229291854628
-2953.507087615519
-3704.090094240833
-1497.5326193509804
-3404.6511460191555
-4945.820679157124
-4567.467957210365
0.0
-1900.2620982991828
-2980.3641111687743
-1251.8519084588029
0.0
-1390.181319620276
-3664.954712629189
-5377.93549551723
-4018.4282775246347
-4543.252868988345
-331.6366604918042
-1055.3684532834418
-5429.563610281277
-1974.0689512117597
-18093.270270801815
-4794.538897628936
-1113.187038798465
-5259.25184130527
-1100.5375225986477
-1006.8533124139358
-1112.8947272685975
0.0
-1247.9019359465024
-3677.3103270320785
-3622.4481849207104
-2837.0090409192326
-5685.10008267967
-669.4757970483932
-4307.579054045372
-516.3557111597084
-1287.0232198905292
-3620.125464992139
-4616.07196554805
-4628.856505275908
-5815.6573602563485
-2411.4593560060216
-2793.1551278053635
-1426.4296814348304
-4513.703188170011
-58.6114589076017
-3425.8060377024103
-1716.580640879361
-5493.316857784818
-3244.668406371878
-11152.626938461086
-5768.588001124959
-4110.555089919265
-5798.3163037494705
-5226.873292215104
-3014.516391410243
-1083.2140450218044
-1408.2282941095777
-5813.294995693881
0.0
-5112.693739319964
-4008.4969070105863
-3442.3729807930235
-3468.260422881165
-1489.7016210061524
-2681.977887966191
-2644.998779827133
-3832.5160309752687
-4092.4352801635137
-4281.5237899989625
-3495.5570431800556
-901.5225769425921
-5835.3904808620155
-48.632513034566216
-8396.314623800059
-1970.4421324980508
-1851.046228052868
-2378.146842053403
-26.010316762818434
-5787.644076684913
-2172.5652033669057
-2728.517360196569
-5066.701982212944
-3266.5758931961464
-4621.903307436992
-3065.2403927298333
-7298.213072230396
-1587.176985703179
-2945.2800431229684
-1262.2743058526491
-2263.8332632601528
-2831.8687691581304
-231.186742334775
-2747.4346171108587
-5357.090214273116
-3004.756642194057
-4002.4565127872966
-5695.442231178853
-4445.238518387296
-3485.8808321303113
-5963.5588561898
0.0
-713.9084875517798
-3468.1064866415663
-4647.312323445765
-45.988506622021745
-2492.5234253068334
-1298.312305196718
-707.2275714446848
-3963.8917109294625
-5442.77906803274
-2220.0285512234705
-55.48992186419609
-4495.6687688925085
-3058.0972392740064
-1913.3740477958256
-3730.727070618739
-2681.718803263902
-4490.244968563172
0.0
-4797.769789666317
-3822.4061788377685
0.0
-62.267320632012805
0.0
-7940.831296138598
-1853.2358732873379
-4535.494313528036
-4441.4991097130805
-4754.578588167736
-1350.4088360591716
-3610.461510709897
-1833.7241629011064
-3346.8233557706276
-4515.655183319027
-3952.3178265086094
-4040.5368089943836
-2539.9268201197237
-2308.89068423444
-2561.9825766749595
-5287.711796668999
-1704.2912897217489
-3772.8400160407537
-4130.669628564988
-2395.149362929213
-4187.192185144577
0.0
-4867.783545923461
-2117.772085313837
-3891.9891666311855
-1291.3810971757935
-5046.563641530563
-2472.5010031092543
-1329.4353837977753
-2750.281120258098
-5554.332504421565
-2927.2078395916114
-4370.121525748365
-4981.284338163858
-4630.816496933471
-5564.372145278196
-2863.308253443547
-4891.698943715563
-1841.1346468924928
-2161.512764807459
-4149.016047945528
-1463.3234464266814
-2194.5576105742844
-598.0723347995634
-28.620649407724894
-3783.9971010699187
-4167.614174232047
-1111.372117483505
-2994.4293474467413
-3184.8920316090084
-1822.9533650480273
-5898.407069197612
-5745.6554409939
-874.8686726822827
-4194.278503328344
-3875.8879335719002
-4635.899165756254
-1991.9268385992664
-3724.7528247755986
-2794.043289236639
-1514.4571881178995
-2054.7904781365855
-2406.6158609974686
-1089.7775703830137
-3391.306066337587
-1881.6484234809677
-1128.5864758551077
-2422.5505548917145
-2342.2783962786452
-2516.5400157642457
-3836.5036535966897
-5416.346348795331
-1953.1428071295513
-7056.005460174164
-5857.982439668274
-1089.6368630302584
-2833.9641832108123
-952.7759293421346
-772.4406091993578
-3593.171298973822
-5518.130341344865
-973.6139236933732
-5959.424076528429
-2769.763228000379
-340.3318507711681
-585.4548062512396
-3696.728277026254
-1008.8512389656736
-914.7326422961862
-3124.522208399332
-32462.13394475966
-3161.443636450455
-4424.213492623546
-2426.8799719034473
-1313.2201442732946
-4430.198828950635
0.0
-2657.396024025526
-1990.7253711995947
-990.7293380718877
-2406.0090706382307
-8826.800020156536
-3674.2913708271976
-4922.837854362311
-2703.008507368238
-2771.5470463372685
-1381.2899642456096
-3028.6585288908886
-2525.058799388799
-1368.3782299878533
-3342.6498605637257
-3093.6320089521637
-2692.907692516683
-3805.4264456764668
-3211.8981196710756
-6703.808745324858
-2736.328486618713
-891.8408452238698
0.0
-3328.0788506247577
-4638.271061282653
-6552.091255038039
-2156.335101016476
-7682.676882401473
-4460.4248737243315
-1796.4077222614628
-1134.5462640083758
-48.655656730653924
-3173.8163875310584
-2735.5969040344457
-1512.3460807071376
-3680.1428110852444
-3296.5140117384276
-315.349354590272
-57.15938231204982
-1519.4087824960386
-1156.6891351879058
0.0
-5313.692471530617
-4841.241450500059
-5741.178295337567
-5935.196897363609
-25.864687562088797
-1346.8527313195937
-967.5504007624729
-3245.0720624070013
0.0
-2784.718343730227
-1985.6011379747229
-4782.5348129724025
-7321.6085638742425
-1563.3415994344186
-2559.2172418504674
-1220.3337876740757
-1676.9735412862806
-1661.9304427745024
-1223.9351862770145
-2705.292173900803
-3972.6604453247414
-1066.4274906420112
-5128.01230191614
-1859.6825322134996
-2415.959312213179
-1911.5202277199114
-5924.684357330144
-4664.097983675793
-1862.3695653487382
-4082.003752909418
-3407.87257879304
-3477.4277489523224
-9986.83141065235
-101.83464338394413
-2689.5712679038893
-1363.7843744193153
-2015.8358681392026
-62.280859683751586
-3565.0479128801953
-817.7387947254299
-4765.464769620204
-2098.1547054424245
-2876.7934046295886
-3904.8900828668166
-2769.148379649441
-4119.11252598836
-1616.0912870387128
-3279.9920882166243
-3455.2108363599873
-3529.5204918703084
-53.26002634310799
0.0
-3900.8812137233836
-3581.6508565363692
-2650.1000786520535
-3167.359071329819
-1652.8926003720783
-2569.9014870828064
-4689.820736145076
-5127.832116806167
-9378.513288853135
-2149.9919702893426
-3683.3476128557077
-4071.017365044186
-2893.6272470689064
-1437.001789556614
-1485.1845097305927
-5261.5409589202745
-1078.544168258996
-768.4054613545884
-6997.425744987081
-3805.6315253604075
-3822.0370458863335
-1321.4349566478422
-5887.466133881886
-2118.7735840783093
-1145.3968987940693
-845.8835255343693
-3485.377973325296
-1787.697942321313
-6401.464630630122
-2748.1044463249336
-3858.8426158512257
-2063.8011489986225
-5228.530931183034
-1502.6915755675045
-4763.810031051413
-3711.8928891541177
-3203.748223427863
-4183.281228587871
-4125.417059180668
-1034.0371531906335
-1370.3651958426703
-2330.55474758599
-1025.26624526353
-6781.579735400359
-5124.22519541934
-4983.617826840795
-727.5385563068304
-2778.3272342530863
-3794.291640899252
-2415.804247287008
-3191.3619483518614
-4705.392615594704
-4735.023111118019
-2886.3405670485513
-4632.315524067417
0.0
-2140.029865493814
-4417.850313313111
-4361.39851479064
-3543.685348513966
-14427.033754654478
-2272.7634247142755
-11.650447391698634
0.0
-2004.0006213988772
-1746.901165326485
-1106.9410918476997
-3399.4628296979536
-5085.846570881053
-2217.529441321081
-4329.794339324905
-1199.7120070757624
-1628.2631540355073
-8064.230209438586
-1352.3861435099798
-2684.5913640092576
-4337.774895380537
-3871.4227055399615
-4069.6237963143785
-2255.4538675883973
-1807.8586101452397
-1535.8944790193539
-5241.752369791452
-2657.7693706352047
-2169.5149938332083
-1839.700356896712
-871.0800194233151
-4293.33975899705
-5260.711934241067
-1693.923932347361
-2751.491666868188
-2320.5003641195476
-11277.672255907986
-4702.85274543748
-5309.51724768745
-1621.7391923133077
-4485.869627117817
-2906.341805573974
-4625.698187467215
-4244.559341530724
-1339.339197714221
-584.8125936875176
-4492.653376383212
-3127.201916941199
-1491.4739899769281
-5646.09880230505
-2399.5011248142287
-1978.549633500662
-4079.470830687677
0.0
-2096.242587646693
-1234.0053257381642
-5000.25186540348
-4437.157277478732
-3951.5990201584095
-2682.106262075626
-2416.819359255012
-5064.803607485637
-2367.0074327265575
-37.64605149934698
-3101.087521220299
-3233.367999771719
-2865.737208969487
-2595.6614514501694
-4273.235268252645
-5729.168506214222
-1111.4453297558111
-2009.162869150081
-3256.339689468711
-880.8159597513034
-3399.6285954698055
-4690.726096631968
-4996.301820533783
-2466.955399625169
-1993.0316151314307
-557.0373252678321
-3972.899025955297
-1688.2779528779777
-1507.410831854391
-1763.7213641542369
-4269.054824986148
-3019.8925676743866
-3541.0745218625475
-4538.017404041264
-1511.0792967010525
-2740.6083761956
0.0
-1182.1842624933226
-2607.8257530718884
-3621.806569357924
-5803.242349946544
-2802.0356600479213
-3070.05455438777
-4784.887590394844
-5056.950913141119
-2236.978625397595
-4220.576205698178
-2489.8708083796987
-5491.733359257077
-3587.2325732564727
-1770.532020975772
-4249.986561689645
-3855.1711501842547
-9407.919450444198
-1998.6870261308386
-4927.83845611147
-1746.3881789592192
-4813.196797293106
-537.2361146944897
-6674.552400068171
-473.99435544515336
-2254.2771423174268
-1077.9906410214282
-1956.1633321962522
-4720.089895077814
-3671.2165324414755
-3803.765282983785
-1085.9687999183195
-535.9043504718921
-3471.3984161919143
-4439.426556310405
-4684.64809468021
-2805.4009862294206
-3171.3286089573307
-782.997962869424
-1506.7274885428562
