-5228.2775286388405
-4171.578452784597
-4188.536036872242
-54.43416273076258
-3958.619068887712
-4407.969419349631
-1401.3847189437815
-3695.5918414264474
-1971.7157202164926
-12738.108977855234
-3601.986621370487
-1823.796177937977
-5071.4736074327275
-3823.8791965723917
-262.8940157201153
-4639.112862433762
-3592.361953304681
-2758.1397130099917
-3199.1932443897986
-2628.163889680338
-2801.5283738911644
-2426.7474032537575
-3837.8178555121676
-4237.529691922928
-1936.4168154951774
-3041.7544753996353
-2778.4195658174804
0.0
-2432.0400063173015
-3990.651617844315
-452.02149543510365
-1793.7233526163827
-2477.248512786296
-1096.2644730799584
-4371.892471970379
-2562.57694977035
-4128.808999960989
-3822.997671293031
-2839.157518541532
-68.88738826951864
-1326.6359209269422
-5132.994190886935
-65.59844330568322
-4115.712868633145
-5222.7621605518825
-6987.785244506872
-1242.4009824154548
-2381.473499369843
-3511.6760167435373
-1601.206985300543
-1077.6872615954676
-3422.090126993414
-1953.4999815339077
-479.32013375747107
-2745.297647100486
-5486.641930297804
-4184.229040449983
-4994.69279774198
-888.3658997265346
-3433.0108285799774
-5467.903592192849
-4919.397366578932
-2205.5914401085693
-3173.3324311985602
-2192.377451565034
-5669.914179247644
-1411.9870206428361
-3150.4363261105927
-2374.3142277219613
-1958.384689223983
-2249.711377916732
-4061.4039985771774
-2746.1029672672203
-947.803386327868
-4530.801997262466
-6200.752800802741
-5397.101835194705
-9485.83055148564
0.0
-60.70700026877712
-2286.4035290308598
-1661.2010220759164
-1081.9125091542744
-3748.9380010523905
-4311.619173215459
-5225.594405629957
-4114.015816957953
0.0
-5478.356149467273
-1214.2440914107272
-4344.036384679107
-1520.2108085797815
-5396.024272391732
-3364.107689537
-5027.455150252363
-3125.6467559637135
-7448.067870712375
-4874.0954869216475
-3859.19629008532
-1842.9326306461971
-4186.496422106261
-2184.3867737758765
-1516.9067379372004
-3880.312169347386
-596.7956456161218
-3824.7320334586125
-8635.720672992746
-796.3906575332275
-2591.9660351043785
-4821.049853142096
-8395.814804984995
-2993.9090087119084
-3347.0706863711634
-3786.5889127420837
-6666.127554086764
-66.51187322549228
-3766.233004879064
-3968.1275753315385
-4790.138552489499
-1231.5825971802115
-2123.065796362136
-2054.7591213415362
-6.918706395703927
-6413.072284609377
-692.2940189407653
-3042.672163622076
-4307.387020453019
-2471.3518734999866
-2907.2286167013867
-1886.18964904435
-5694.427803685516
0.0
-4508.360805686552
-3664.0983325670213
-2372.216747752137
-5035.222757670973
-2980.0910330879465
-1759.7967322848622
-3565.8345244730617
-3397.9077609381943
-912.8092140638247
-4861.9588186141
-3625.193325236267
-3111.192446824869
-1685.666001153286
-3387.695874151605
-2820.5935921637138
-3475.95403734774
-1743.1835415629926
-2508.0141384710537
-2487.9318879800803
-2540.8150661727163
-2044.7802901864566
-3282.0197944752194
-2946.4608154205043
-935.780320271852
-4750.322269776744
-4950.190049033369
-926.6373891522705
-1301.0462476991954
-3219.5389768885234
-5331.7050026267
-3167.8010469155515
-3545.162150395695
-1957.6582995633812
-1053.7368776632882
-5763.069862961164
-428.0831376059045
-361.2405729748953
-2835.3578985078775
-4553.760013037711
-1553.9549963599654
-3253.6143364016143
-2262.5145156587805
-9153.507103899874
-1732.1613057001355
-5138.061000856317
-2700.471003729214
-4518.1807011206365
-3758.0777773143514
-1240.7643378483342
-2440.524556821248
-3087.0730001931142
-651.6801891720036
-4208.413813354807
-3180.352526767363
-2132.681265421339
-1298.752004888872
-5135.016641819753
-5035.903193252379
-1352.555335669768
-8197.453905671537
-3473.319548564784
0.0
-4531.925150122006
-2096.118205766231
-2085.077262624919
-2062.576106074838
-3179.03044763315
-3143.038416883263
-9589.679820740586
-4183.477196257214
-4932.853708071792
-1471.5228337777025
-2674.991001014688
-1762.4693961663813
-1306.320446856945
-1933.1760818963867
-5773.8936733025375
0.0
-4690.023260383284
-2968.5647270780983
-1247.0570695691204
-2454.1887947714595
0.0
-981.9133900027479
-3633.739621195555
-2755.135536374043
-449.3780577907954
-2825.6202020915694
-1993.5631683732524
-1489.3035304645143
-4308.859766060294
-2847.000516558223
-2819.772290945026
-4217.477783391717
-4098.302359374137
-2614.983539771151
-4044.628015948701
-859.3611762680626
-2513.4811666815244
-3142.8350475754014
-785.3810737460426
-1964.1684046783532
-3350.665215235429
-2360.3696775963845
0.0
0.0
-5612.77627004483
-4209.419387343388
-2728.744274488277
-2511.7646071471063
-2763.61886129098
0.0
-1000.3659864038112
-3456.128201093126
-2763.5593709127415
-3267.045089241902
-4506.316694898309
-4540.299154526281
-4948.985633366586
-875.5658085634069
-4293.713350328695
-2477.5331923291415
-1163.1226524178653
-1627.7592658274782
-3934.487719169765
-1729.1409839575185
-4014.532186800469
-7338.5389691429855
-1529.4135391567524
-1611.108263484618
-2786.4528463332235
-1203.1592092022297
-39.896986884818396
-299.3844558936116
-2787.1070023483044
-2802.7272095557823
-1992.7023225139824
-5333.991428229535
-670.4640519596276
-5172.199485088952
-5137.265517789776
-3718.7858140487388
-1732.875106948722
-3081.4879147832653
-4614.697874417998
-885.8211107330493
-2056.0921808336266
-53.511978930730656
-3513.546461472031
-3272.1790431216987
-3757.421854946509
-4729.199913050783
-3785.755208854358
-4858.639755336076
-4318.803454243176
-2163.166611953747
-4847.84193123395
-1474.09502344492
-1303.6868949999584
-3725.3472815631203
-1828.7257658786061
-721.9521046583474
-1938.613843629432
-1022.8986082019942
-2921.9220024459983
-1890.2613444330325
-874.3469840363323
-1160.7186410522456
-262.6206576548005
-1219.1201846828312
-5008.099883878862
-69.81736023960717
-4824.942503705213
-2696.090115906186
-6796.976457401671
-6368.822383297783
-7.847819829258893
-3758.414721515702
-3132.8675223441214
-4441.365757310728
-8287.213868734338
-1611.1994450756765
-2512.6095666801352
-1645.2128141795902
-4018.7313923756024
-4616.006637714197
0.0
-5536.752929538143
-3933.1625393918966
-3191.3106902658456
-2622.691539931278
-2893.9323996899584
-2487.271352400645
-5145.607510420364
-3513.123111346036
-2628.4397421535905
-6.918706395703927
-3513.4864795575627
-3378.118361807442
-802.5936071935625
-2612.103708228621
-5363.531875836328
0.0
-2083.7278190110937
-2420.3054164589926
-4261.905893855614
-2626.1271889558434
-4062.271859411001
-6202.49371205583
-2464.197404158551
-2772.670866385497
-524.0695012899928
-3715.008449511251
-1016.5860498682476
-5378.110989498133
-2553.122933866993
-5178.488516023424
-2919.9247356147325
-1379.7242538724277
-3295.3530727747616
-1490.4127944661698
-4968.547690695231
-7722.883216840521
-4047.419730917919
-696.0698888608633
-2813.7220577624976
-2924.0692355757888
-1841.049088538449
-2137.680547654165
-2277.022611047546
-2386.0255896671993
-3637.240849429881
-4024.212208009327
-2571.5166022985327
-5294.492329176742
-5141.549092405346
-5024.736457233242
-4742.790951934099
-2483.682836935254
-5160.0644588572495
-4025.795038683439
-4612.233426059513
-3459.475479215048
-1519.213813992988
-855.3603968334728
-1098.3509494458413
-5397.086321536029
-1888.70014842002
-1175.5204366340922
-3395.292255172373
-2200.6991440272814
-3524.233124326039
-1741.4719457710896
-3515.288575046318
-1936.3489203410932
-4001.155497938424
-10754.419345888502
-3750.807921525878
0.0
-2708.8436858896644
-14982.467184824267
-5009.6863369222265
-625.5351029566124
-50.09408937949901
-4872.964303269323
-4848.898446598377
-1887.396745856874
-2803.4915312344738
-2735.2433143422877
-4824.628056477819
-2375.329187622435
-2384.1499940568197
-3654.5450342240615
-5057.233578926149
-2666.8724104158864
-2991.8093404292654
-2077.48414243197
-1324.8397062162044
-5430.438566392589
-2547.7858900071114
-4304.737522279947
-2924.4887872505165
-832.0231197125397
-2607.5339240023964
-3006.236891281772
-2069.0533083641626
-1281.332503529248
-3508.9729304175744
-885.5500093080756
-583.5546708022647
-3291.6198154567073
-3269.7192166138343
-3769.3557192161647
-5385.615569514562
-2919.8063184097227
-2602.7564106361283
-3168.989440552516
-6157.509171376953
-3216.908472042436
-4655.353607447206
-3622.2252139524344
-10038.875112409849
-8289.857371801912
-3543.6066340907655
-2438.5564808963145
-1035.2877624999644
-2370.7559758765574
-3083.841249680568
-1942.4182738881843
-662.7439200637848
-3558.2015314951705
-2003.7268061239092
-4474.552719889597
-4632.725963017275
-4907.747444401871
-910.0163254979851
-1292.3563738651671
-8542.248031184798
-801.2543918626619
-1788.5571307328257
-3334.5989441159777
-5072.525926605353
-2804.258218472853
0.0
-1564.1880866022364
-1031.8645125520543
-2850.8142135756375
-4546.974949785774
-2519.185354204434
-5450.538378848619
-4391.571927212243
-5570.557235311401
-2344.894947012955
-4191.930965249833
-4495.530692001641
-2714.5433567958485
-5501.208172270977
-1309.6329815669262
-2346.8826848591993
-4575.49284783135
-3778.6666110505857
-5478.34183941653
-1199.7560207569281
-4064.998222711409
-992.3982981457563
-3525.7394376282386
-4813.181437603721
-4085.157996717556
-4997.905430116148
-3519.101702708443
-3837.217571854654
-4130.2252365897775
-2338.5997937268367
-4845.270895422548
-7686.800463821846
-4529.21959042136
-5584.220963250211
-4332.278107250383
-2591.298342876346
-2236.13375790291
-4282.140949865477
-3729.498358907957
-4148.300971388368
-4971.159957747078
-2814.5367395606013
-3742.983186518082
-5883.841183567307
-4676.51650615369
-5199.037050928414
-1831.6505316285964
-3772.480183850121
-2434.55180434393
-829.6951758461488
-2714.3476614905626
-6967.788840777986
-1375.7577375454377
-2984.2679060784517
-5587.150713679699
-1040.5419635911458
0.0
-2437.9829152527545
-1778.5112087620917
-713.1324980682208
-1611.4300879860677
-1964.1204977403524
-6104.370877665085
-3569.5293268470264
-1624.9531982393466
-4208.488559277741
-4901.001903630543
-2733.4218468657396
-4905.315009298137
-7870.8539364486205
-2056.3442367716652
-4100.536506755467
-3683.4124217097255
-4413.57203105938
-944.943705150262
-2947.4016409351343
-2297.9264908873847
-3376.975859508877
-5447.8544938859895
-2373.7578176692805
-1036.71016529751
-1112.8673501881883
-3887.4238201308094
-3835.3554959064463
-5054.93762348852
-2622.1337912656736
-1387.4474778248618
-1445.8297396917653
-1290.5053594993724
-1338.558920029457
-2095.428525494815
-1654.374997651291
-2630.0191250911116
-3410.5502706884463
-2815.2245645746807
-971.2835491478077
-6383.737138764633
0.0
-2372.5241025888113
-48.944256071394435
-1046.4332354902979
-2784.8627346067333
-1683.6629775955923
-3730.1138371955835
-2800.1561449526916
-2231.247758312059
-6764.579448264066
-1829.8172734863203
-7274.705965760961
0.0
-3324.8760061748108
-8.182388419178803
-56.14992514312932
-2208.089887474293
-3811.472989651959
-1881.1495777872653
-4857.263833482499
-2530.6589958287645
-3122.27646903182
-3349.4845523911663
-2376.5382099186318
-3672.126431502151
-3506.313490692101
-4042.1363640645163
-3249.7548781700234
-3413.1704176572075
-920.9652110369959
-5202.425646145993
-4243.038362194851
-4992.638527446003
-10338.632918390253
-99.84099723991991
-5553.511892130412
-2444.3876494944725
-3070.606803631446
-4538.320489672975
-3647.0108980241775
-3850.412055451051
-3247.1986195626705
-5848.729842970175
-870.574460279575
-4323.094904904811
-4483.476110430689
-3535.6250766892686
-1308.1568955743317
-1709.1652438240012
-8395.280623653118
-7048.176515755982
-4289.151847664227
-3291.3949655655333
-2292.5313171957473
-3984.3392661218845
-4003.645809105227
-1644.636164059888
-9031.551480250582
-1136.4209502172412
-5853.899449392083
-2966.394664322982
-4766.308611424062
-4928.249979718068
-2902.4762119926527
-3522.810751275316
-1485.829114449236
-3204.2896307300725
-4716.146742954541
-4474.986840849458
0.0
-1871.630814878861
-2930.7444765053588
-1235.1744986632577
0.0
-1390.6764162020854
-3621.736641470245
-5256.08868521741
-3893.0919391398083
-4479.411755733943
-337.26069721125606
-1050.648774284518
-5216.415110156346
-1956.8102092209044
-17927.90160338118
-4786.994805885803
-1133.443371052606
-5305.888880129035
-1087.008461291102
-1008.8677286807825
-1105.6309592901505
0.0
-1239.76854301047
-3749.5768986354133
-3507.66108420962
-2794.592216716896
-5695.818700186086
-652.0825923289193
-4318.088197806131
-514.3850084155874
-1259.837510958118
-3617.088625713583
-4505.6787204898865
-4563.724447868691
-5813.762931471272
-2441.927865519147
-2718.7305415452656
-1436.9954062690315
-4512.708463950509
-55.510269375441325
-3429.122350819735
-1724.442820407924
-5398.5336287284235
-3214.8656326929386
-11033.90293976075
-5750.634436874505
-4091.5195353892773
-5838.269721999735
-5229.702741844078
-2953.168491405991
-1117.728279522064
-1345.7269656818435
-5636.324010627549
0.0
-4914.141339116185
-3828.272305404473
-3428.581959745068
-3300.0043693345915
-1503.7751613120931
-2660.78578824586
-2597.165785266098
-3735.434146677163
-4151.021045918036
-4179.722219952678
-3355.64512104999
-887.4447263200308
-5658.286189360753
-48.50153366475129
-8389.756224027902
-1990.9834006789931
-1842.02792412107
-2411.2940799541834
-26.186508400859275
-5676.43100400817
-2177.2134178306583
-2754.299768734542
-4954.951605205459
-3258.8571287670866
-4684.315268511255
-3065.121651220803
-7293.730937206701
-1301.0738193635584
-2999.138523334194
-1217.7441404686545
-2290.843081361949
-2808.2895324289957
-232.75799414815842
-2738.8886928884453
-5251.070369532805
-2939.07703847335
-3950.288028029065
-5633.3712556502815
-4344.3401337510795
-3522.1965264208475
-5777.712446713519
0.0
-705.4373822433536
-3497.9301861503013
-4484.92811971509
-41.926634808494285
-2362.622744615296
-1287.8814429112372
-715.0090488563326
-3959.9794342902137
-5443.858879505831
-2180.4100495670355
-55.62945175882443
-4382.085815842668
-3012.9456192013417
-1896.0011658815272
-3601.487502313853
-2666.29506887534
-4308.729813282913
0.0
-4779.591656632959
-3855.6036401077154
0.0
-63.02072891007663
0.0
-7906.830681487765
-1885.1206933784695
-4319.279502339177
-4227.2814147637
-4646.096189449255
-1216.9228234081422
-3545.2703247315394
-1693.1360152366426
-3270.8198552476993
-4321.090956779615
-3992.1744905619034
-4054.6641785400875
-2549.021646081451
-2258.670232376103
-2522.9544930380553
-5228.268561290318
-1672.2970382252793
-3789.0210054798185
-4004.1986183362196
-2408.160694347518
-4082.7890506879667
0.0
-4751.563547731156
-2169.0175526685507
-3886.3467754121393
-1297.7224998505667
-5048.034003075437
-2466.733829509701
-1191.4445668770952
-2683.938879197926
-5579.525451807712
-2899.703675538538
-4254.183503365639
-5019.708873713421
-4513.471717996064
-5575.9781906930275
-2806.655393193307
-4745.470237996571
-1823.6203088951083
-2160.1625826394697
-4090.209706838825
-1480.4264074286025
-2208.776136934115
-595.6710249398791
-28.022790427554696
-3710.6399310611564
-4208.308976028402
-1104.373401841426
-2983.0953095742234
-3156.435167627317
-1667.3102999800794
-5881.476438950393
-5646.664714277622
-808.4463537761908
-4042.214075904665
-3767.4651426763335
-4669.828831990674
-1994.39968257117
-3759.7138708512534
-2802.3838073502593
-1470.6988740244287
-2072.9519004442113
-2339.512764248121
-1094.0890829174882
-3408.171267774019
-1741.960975003497
-1122.3801548938288
-2432.111301898472
-2358.6258705682026
-2529.9799985226546
-3829.7751489218463
-5289.672123752734
-1783.538588449796
-7155.5099908233615
-5751.571955858883
-1071.3331748064982
-2840.9060625533357
-953.8808618321461
-776.8875937611122
-3493.8882354559964
-5378.609151446873
-957.728760962094
-5825.633699718002
-2776.494270907633
-352.54966653780815
-583.6583716060168
-3577.0927345298114
-992.5193725973169
-921.3431821796325
-2915.5857014453914
-31583.249570549666
-3214.360652731571
-4365.363258795863
-2421.1491627062196
-1273.7211676506397
-4462.339330427956
0.0
-2646.953447046577
-1917.016110557882
-962.0548400437862
-2298.6797797411837
-8789.974677424809
-3475.6237274362893
-4725.790847182727
-2689.643626390955
-2671.975608259986
-1362.9055207591546
-3039.7132656378994
-2338.272876895295
-1358.8859491681105
-3133.4933566941795
-3071.278842653174
-2664.4006332655554
-3793.874615209891
-3147.029091346631
-6796.7688946884655
-2746.013797317634
-876.4128963225869
0.0
-3353.6142081453017
-4653.93277154271
-6535.701411452165
-2131.769903898802
-7500.337699150772
-4287.145083757832
-1789.6589802895144
-975.3938768173423
-49.19394016477503
-3199.900272928269
-2696.117373858044
-1527.0441649326592
-3665.2959240141417
-3303.7847166900556
-303.71845034946614
-58.1465294928052
-1525.3842051801446
-1158.613317536136
0.0
-5203.023913695468
-4855.96525781283
-5657.797282561761
-5771.801309466779
-23.57236057116864
-1337.7244158388673
-966.6404479144422
-3208.3864302685506
0.0
-2748.706687600102
-1934.418320099931
-4818.091753813997
-7366.272037971927
-1598.880767555897
-2566.9428460041768
-1200.0632527245814
-1727.9561101714348
-1666.365244811288
-1211.075435724321
-2676.9630000305783
-3947.307817695665
-1055.8242385602055
-5106.700759078686
-1851.5580768002935
-2416.876117062192
-1908.143720854801
-5989.155271407149
-4456.707137066622
-1920.7770539067321
-4142.437156204635
-3370.121964669022
-3410.8338397279354
-10113.770378752975
-101.87350738222877
-2746.9299544919045
-1340.233142553518
-1891.229862263216
-59.72602270823434
-3619.955410808093
-830.9093940772274
-4664.2979988696725
-2008.1059188298555
-2815.54437349111
-3925.019215203521
-2777.879581286607
-3944.5419833575534
-1631.3490735716707
-3296.4327168904024
-3288.908719778757
-3457.785273934726
-56.55667421306767
0.0
-3913.3123241417275
-3402.4340746708485
-2559.641992022952
-3158.6586989058715
-1714.5978126295431
-2578.786421901748
-4593.061193409839
-5028.260186002549
-9514.258265884706
-2111.0728368854247
-3655.6216905470565
-3973.8850347057187
-2752.3020312372905
-1442.0086839775602
-1501.9850129478575
-5067.960142110471
-1128.1889054013423
-779.0406270940833
-7030.969999458527
-3737.7353418923267
-3858.1349816100246
-1314.1538701883517
-5748.109617044294
-2112.027164821901
-1134.5357188035875
-855.1809215967761
-3415.5753636812215
-1682.5310205866274
-6433.998745585951
-2565.3439564476566
-3679.4333251998587
-1975.907276032099
-5112.371014763378
-1489.2788481671937
-4704.300554348097
-3786.307329183828
-3215.5805586006472
-4155.8982347781875
-4013.527173803699
-893.5049389408505
-1423.245838773141
-2363.9474478130332
-1036.0052066367953
-6818.289138563935
-4951.419770605237
-5017.817589518904
-729.4518293004991
-2765.152816219428
-3776.50047626272
-2417.8960678130447
-3201.237574648098
-4605.338190222136
-4529.004723103867
-2784.0517128315505
-4542.578640976392
0.0
-2119.63969545436
-4402.46706543287
-4259.367809719454
-3534.6452358430615
-14441.224767212729
-2336.0797715862304
-11.719727303792663
0.0
-1994.0177092120334
-1754.1656524396296
-1111.601614054622
-3358.146763954013
-4959.200265569183
-2221.624531058329
-4150.977618587295
-1223.9326937620897
-1648.472460809926
-7987.932085412738
-1286.7430502949087
-2690.724757969371
-4363.365335121023
-3707.3656091931402
-4073.6717978777883
-2276.68418140025
-1798.8216151583247
-1526.0930710341358
-5307.4600949303995
-2654.629033209563
-2072.871767666763
-1844.516223833639
-866.741984877878
-4306.3579736302645
-5082.2441758430705
-1666.269684310521
-2729.3064807801425
-2367.3630551306883
-11203.332639803357
-4572.985534867031
-5290.7933426744585
-1629.6076937545326
-4307.2322420405035
-2868.253738719093
-4628.734715767491
-4228.891976648813
-1326.9791827091665
-571.0924267813615
-4514.1563805711785
-3116.398005626258
-1501.2332144549446
-5411.066513281223
-2397.2229195918703
-1816.5485332896171
-4102.706387777892
0.0
-2087.7714396907586
-1071.569256285814
-4809.013866580711
-4423.464363458177
-3979.115494363054
-2697.69225828539
-2299.2261721906275
-4976.8132293452745
-2322.2089910092923
-37.49045608677865
-3050.6549191534655
-3298.1731909422833
-2892.6636515193245
-2599.633511599241
-4311.320755834649
-5736.624197832483
-1109.0176753573228
-1962.306113819666
-3087.9386369461813
-893.769501013288
-3428.6267525263293
-4669.811491248397
-4962.287240953089
-2278.300714099342
-2011.7118117260634
-562.2522536803243
-4057.937341170142
-1685.7127679746636
-1425.5581608669836
-1631.0539538830478
-4240.28964728348
-2961.2862316540995
-3564.5152109810274
-4299.860328627531
-1519.0990448795421
-2810.0905029810397
0.0
-1169.3912823082608
-2650.4505156263785
-3689.742690505727
-5829.107071602322
-2805.3520163515827
-2979.013025350698
-4786.098092967033
-4951.669029293047
-2243.838445880781
-4256.703827696034
-2508.246337744765
-5342.838797337157
-3629.689659216121
-1728.1289366650396
-4157.765283370829
-3837.822735745966
-9406.542974012682
-1975.3895739809836
-4804.03920376181
-1651.2565324579675
-4620.888743465121
-535.3838734658041
-6497.958392387209
-452.4894282143677
-2217.5187917326803
-1003.3903824923615
-1959.8507054706995
-4638.960587373812
-3494.274526196607
-3606.767968329597
-1072.5332784142963
-529.4717711456185
-3295.425368125757
-4464.124591517376
-4694.973223447938
-2816.489809095652
-3151.02488041223
-776.1757065948099
-1501.9752059928046
