-5237.7149031011395
-4169.742872358561
-4202.986942613133
-55.29823883196423
-3971.0128771381997
-4425.575571359984
-1327.3104640243653
-3632.616931553677
-1974.3735203775736
-12754.54861935694
-3612.9986527305987
-1869.307556081389
-5073.071420400537
-3826.2511302167545
-239.18320633673437
-4605.666130681477
-3581.389265664323
-2708.908855728059
-3216.4136460139725
-2556.8053478779498
-2794.4097658451424
-2367.838190272271
-3802.8897601948233
-4216.825657439317
-1910.5360309195976
-3028.3609504600818
-2795.3241961861595
0.0
-2368.5779292963316
-4015.7955617289617
-429.6425290831055
-1747.390369850317
-2451.4079659819686
-1030.1917339075517
-4363.380960302115
-2522.2950850484485
-4128.391258260696
-3719.057553333358
-2843.780077065881
-67.18217596615777
-1394.6854326092741
-5169.315024412305
-66.0492218703559
-4108.513837190488
-5227.055369562017
-7009.40010534824
-1288.8328930506193
-2409.865224223927
-3431.3763864799375
-1592.272042128039
-1021.056112346998
-3424.0385986337055
-1918.6666081722635
-467.46167479864386
-2694.884126067201
-5494.379381095994
-4255.3527270006825
-4992.143846527126
-855.8423838920259
-3408.3051521117877
-5418.772178866254
-4904.027002560827
-2287.7997225345193
-3169.1351865109255
-2176.8776652586116
-5670.575020441499
-1450.1440637630087
-3164.467019389717
-2440.3329663511395
-1928.034290323146
-2257.1541836878796
-3971.323117545804
-2758.097901602126
-982.4118996596839
-4525.087142891079
-6189.992925691585
-5264.398973813846
-9591.448237973575
0.0
-60.54720595886571
-2244.5434958123947
-1651.1415153375863
-1057.4134890573546
-3752.164218363947
-4296.790437973682
-5178.782366884655
-4101.778600816867
0.0
-5490.200226081258
-1133.0121332609451
-4364.569153460367
-1555.9442006570541
-5351.99493941789
-3372.160385771306
-5040.987210141042
-3123.6985324338307
-7597.839447587512
-4900.193681372162
-3855.324568915418
-1873.5251195621072
-4174.170877226008
-2279.6670132421646
-1512.109211451534
-3917.3477062859006
-593.0848133777819
-3822.108428141542
-8701.366787440518
-756.7805176371943
-2557.064547633193
-4868.501317237462
-8392.9739807902
-2997.1561647138456
-3286.154954375582
-3790.935329113096
-6628.30922501644
-67.52378706946942
-3745.955904279693
-3944.576593381016
-4789.291339928784
-1260.146913191043
-2125.673460563835
-2050.939178666551
-7.059107603251803
-6431.833532171583
-652.8918273557113
-3067.1736877199
-4344.049579705842
-2474.1470899197566
-2893.799073224267
-1904.0248608675229
-5685.6909465186445
0.0
-4522.7102069014445
-3674.9412733830627
-2346.717157139571
-5041.401914059805
-3011.1506983283825
-1764.2392807090323
-3674.7615851219603
-3408.7836147488188
-922.4366837839925
-4853.80423926704
-3612.840146457012
-3066.0914456489813
-1686.0199741842212
-3454.5493540843663
-2863.854324356349
-3494.666796511312
-1728.4516855999411
-2577.2364751846776
-2518.446125066049
-2538.422352991783
-2029.8855974868768
-3236.099227067791
-2965.3694455082373
-931.6844244813312
-4754.3379712076
-4901.488877003888
-888.8122268315807
-1291.6781887819582
-3269.756649265125
-5325.228836603589
-3198.7809851267625
-3619.0614537810834
-1980.5796161010178
-1061.749463786834
-5759.004785488454
-421.07084676021077
-364.65760835564544
-2818.740417465074
-4523.389068575089
-1545.6092900045294
-3252.2517272185314
-2275.4156032233677
-9173.260060665225
-1757.80661884486
-5135.685482792422
-2703.6137041192937
-4533.772970602488
-3684.122524226157
-1235.1818183404102
-2454.682591559654
-3164.3473506656987
-651.2815693269381
-4265.863456492835
-3169.2595055464226
-2060.665993468955
-1280.9861975213114
-5133.427347700248
-5024.039555205688
-1362.993935989504
-8191.537497541742
-3439.490569030189
0.0
-4540.043604579161
-2099.47196914597
-2026.608101415595
-2081.9591719992836
-3201.20788941145
-3104.1582268278353
-9569.59285652484
-4219.577286147926
-4905.843196512631
-1457.0130453448442
-2641.535867570414
-1752.3485506565123
-1319.700624164906
-1942.0711517744658
-5819.780508648011
0.0
-4675.793963904644
-2885.827448051542
-1243.4683840822636
-2460.571715612084
0.0
-955.3678341058732
-3694.8773990333275
-2743.6649790705324
-450.55571357289784
-2805.1610294668626
-1971.3884771226417
-1504.8055241482743
-4525.57879424652
-2885.0864521686944
-2720.7075787786766
-4323.831221786673
-4109.442964252353
-2580.8993077003197
-4010.4330702017146
-859.5843469315823
-2552.6604558569916
-3181.8340160237826
-765.8720773843189
-1984.4600099210195
-3351.2293217387496
-2363.2899783963676
0.0
0.0
-5660.719508441501
-4252.4740246223
-2694.651496872343
-2549.3191482919465
-2841.9733732532945
0.0
-1000.1875568670889
-3486.9383606226397
-2782.332155037696
-3365.205401569418
-4512.140979960646
-4529.5999992342495
-4977.028058645895
-826.629069778645
-4290.802109146998
-2526.3528785082103
-1159.4834274471623
-1607.6591749252343
-3913.840837474379
-1688.4356960892876
-4019.546486315118
-7339.859526400905
-1498.5928494502396
-1632.6489507027459
-2781.8354831573183
-1177.589687040458
-42.70418413731521
-290.63962909695965
-2743.0482941539435
-2790.85500329829
-2045.6416374348187
-5340.991091358684
-671.5880109741141
-5186.217509396269
-5117.908195622471
-3758.844886387404
-1711.218033515123
-3096.333049194662
-4628.865111953914
-905.6008019708258
-2148.4684477976884
-53.01047492587517
-3490.865608736454
-3285.263476753326
-3755.682467727935
-4745.38306558708
-3783.581627244962
-4863.586843067191
-4345.608344118905
-2244.5963859071153
-4891.771056907298
-1459.4472495194962
-1323.0799789984862
-3780.4271476414297
-1838.7505160081407
-723.7484492609077
-1911.9296659544295
-1025.1727413060512
-2951.405257813519
-1878.7421467197719
-860.9770899984385
-1159.53323310623
-239.70413239735015
-1241.8613114632008
-4995.814610699588
-67.3836114852501
-5048.19778603466
-2733.850556242856
-6814.556826834748
-6351.930541667535
-7.865010924569108
-3750.624393654362
-3142.028308886537
-4429.792836308294
-8238.632180499226
-1579.3142513906607
-2469.34288565503
-1645.9200596709027
-4102.088752931728
-4552.759228764757
0.0
-5573.015113456349
-3933.348551852152
-3227.719827545183
-2654.888538716105
-2863.3719960754806
-2463.53072981236
-5188.464990200738
-3503.252455536401
-2671.4993514795074
-7.059107603251803
-3569.9785573251693
-3419.2118005036427
-766.5465591794072
-2578.6668119931196
-5425.187057570817
0.0
-2079.721155023355
-2338.928950118135
-4189.715686992714
-2562.956951308433
-4142.332553235693
-6262.546570514065
-2482.6506050213166
-2902.5678502896776
-501.6107777354333
-3711.6187326597756
-993.35240927374
-5427.718246186283
-2528.6881280298653
-5223.120848389994
-2861.2587238708857
-1342.6527032864267
-3289.1502483404865
-1504.1585144983496
-5066.255187099677
-7639.79506964108
-4122.502087035008
-686.1370737445944
-2893.348592773931
-2962.784619875792
-1848.4115900022932
-2128.5419319431367
-2297.4857873661317
-2348.6451025194747
-3618.8228806010447
-4021.0868422263625
-2481.5514700988456
-5292.68754733893
-5065.923461714222
-5058.17251186989
-4726.224950852862
-2494.1994060928027
-5140.4593790860135
-4044.718761246823
-4627.162226650313
-3512.4718476704415
-1567.4507980370204
-838.2432979873618
-1093.6258353098247
-5406.079403652372
-1918.0925585384593
-1155.4816809395868
-3316.044055453764
-2165.9774506158315
-3518.454548220455
-1739.2671080945406
-3556.525749928114
-1916.3912090857173
-3992.014501593678
-10711.135152008057
-3690.0441321021667
0.0
-2738.557643643257
-15055.181387860364
-5003.39850284561
-629.8430973575993
-49.7037240605645
-4899.401462128707
-4934.6362918002715
-1885.4518067107797
-2761.0700820283123
-2700.970418282077
-4779.421440342424
-2314.471930720264
-2350.9273622993364
-3714.525139208954
-5046.550186881454
-2601.813676110345
-2985.233443503808
-2043.2184989538257
-1343.7943481562168
-5424.823668072866
-2496.6058876438206
-4319.957370087764
-2922.0330359739096
-823.5920418265274
-2531.2759563126356
-2935.225011817496
-2056.6103778670836
-1266.5104016209964
-3541.212356840404
-909.9710330139798
-571.551411801872
-3316.0256145479107
-3295.7976823288614
-3793.6413841506824
-5485.811595436849
-2922.9453386384685
-2527.7826819398815
-3142.3986144841174
-6202.117814012981
-3265.4990819683157
-4639.0957339634815
-3588.9153047177865
-10175.089429855556
-8373.201943392953
-3545.9078854413806
-2347.6127066395134
-1026.7788828534385
-2365.2924462879905
-3093.690851136442
-1898.5884367932892
-662.6731696665271
-3565.7822076519874
-1993.9205009133632
-4470.074307317019
-4642.791781896139
-4917.039507571741
-892.3772736435185
-1250.036482873471
-8719.484379566074
-795.6961307578987
-1818.3890407435442
-3343.492343428736
-5140.326220351186
-2783.4390912292865
0.0
-1578.9582457301713
-1023.7750858902406
-2969.3442492803065
-4518.128680271398
-2669.3020068192886
-5321.334892880911
-4447.318460287642
-5550.8703425925205
-2381.5558501027463
-4168.856193651049
-4512.243758721782
-2690.5596993868917
-5550.533230627881
-1274.953270461303
-2368.6322142507597
-4584.973811182285
-3860.467030725394
-5489.168709352489
-1188.3742020766417
-4110.044308827729
-1006.559255243944
-3550.319444913976
-4821.564834370473
-4039.524900483977
-5024.2876925108785
-3630.750305294646
-3859.77204557669
-4129.9482043079515
-2328.6979217350304
-4862.097514786566
-7732.854893508356
-4527.501417823668
-5551.991464555813
-4372.633867783705
-2569.1513451757505
-2276.1810257946504
-4271.278507224063
-3776.285035283982
-4147.666582632025
-5010.31740367981
-2884.6699830614393
-3715.4911048641206
-5960.168010468279
-4755.281616156668
-5211.287484811104
-1848.240562710402
-3865.7718568086584
-2373.7632872601375
-780.1854304101572
-2684.5713928379437
-6958.0712327019355
-1375.1786876315807
-2965.5037128393164
-5570.623845257022
-1038.3447116761301
0.0
-2532.957040420136
-1850.2255336058058
-678.1491455686108
-1636.0138736051374
-2077.0707215304715
-6100.812620752293
-3529.043724240595
-1621.0041944231748
-4185.576942374066
-4812.0995201408705
-2727.1331812872513
-4976.650931861378
-7857.230840324915
-1983.7453392469422
-4115.677208172368
-3679.7772383727283
-4496.785189617144
-1013.2542573053041
-2895.688782838958
-2446.005737456719
-3381.354956541489
-5455.33029005721
-2463.769416195517
-1053.0015130871648
-1110.0952914621746
-3939.9551758045795
-3867.9820021200653
-5017.895389658768
-2643.2351743794325
-1298.3854101527656
-1387.2530020817765
-1313.968425618455
-1406.7149882666781
-2038.8331055040444
-1666.8735124127436
-2596.5803019206
-3403.3020081414675
-2830.942690821054
-973.8867104259666
-6406.63310677713
0.0
-2381.8026839613303
-47.35757857846336
-1046.8856590325845
-2879.2964401673116
-1712.1052239428277
-3722.246724505211
-2822.981181057003
-2231.6051456873115
-6713.236498520581
-1802.2476074293324
-7312.033016721863
0.0
-3337.699785435455
-8.169655107831087
-56.26521785656394
-2146.986271033629
-3837.866763362301
-1960.643310491951
-4878.534276228724
-2553.6505444492996
-3093.045277589305
-3369.9370381938907
-2367.5854223541846
-3696.8189706095673
-3481.423754863277
-4023.8089265106446
-3355.600504673585
-3411.5801693866542
-918.5040666264952
-5242.046587380471
-4355.2511759560775
-4890.9746532496065
-10390.695285593714
-94.17428982614967
-5552.338117357234
-2411.1262687201356
-3080.766049309587
-4568.123075625414
-3558.1060154812894
-3763.619366356434
-3239.237563594286
-5857.777857028835
-932.5028180566694
-4314.651797175614
-4733.027296811571
-3573.7663375338348
-1373.0129002231129
-1701.2682520830874
-8372.49790678865
-7201.855783018165
-4320.61992853977
-3339.4575038967987
-2299.7114995070465
-3976.7810092129307
-3978.657045528256
-1590.625201942604
-9196.341421248917
-1152.6508574480656
-5850.758615354742
-2940.053584207215
-4995.494700786367
-4922.878139354137
-2942.303835203726
-3536.0839157651026
-1487.2342349689284
-3200.9065472200996
-4725.091665713421
-4471.221682119174
0.0
-1765.3354234961157
-2900.3221005647056
-1258.1836294048744
0.0
-1372.3585189795363
-3528.425627417355
-5358.865702628174
-3980.116757157328
-4556.15130509269
-343.3004468234398
-1036.245259448604
-5205.022243173548
-1967.325755970617
-18023.924610981278
-4786.141625318198
-1149.955966079159
-5104.682272386817
-1112.0283562771817
-1006.6130659441285
-1029.8423924265157
0.0
-1222.192286067936
-3720.340456152611
-3623.858337240615
-2789.0683264797394
-5659.510655761881
-660.5424794787762
-4296.232435602415
-510.1496504741264
-1230.6521713709906
-3530.4455338031003
-4617.140823700502
-4639.54251334754
-5831.2227699525965
-2442.842910035642
-2774.6633717037066
-1398.440472838513
-4526.92952978191
-55.82581979633598
-3391.5738296171653
-1711.6589591612467
-5430.824429469958
-3234.0564226086763
-11140.904784056458
-5766.231992945422
-4094.811207582633
-5870.086631492558
-5263.8882343918585
-2986.625027827462
-1130.3726037977503
-1372.9201073091276
-5641.392734430587
0.0
-4913.38182384748
-3831.6292340951427
-3432.0612722198957
-3313.469685970261
-1493.7790118909602
-2711.4932187609206
-2579.241779160616
-3812.94184330493
-4168.78209301331
-4263.2866508888765
-3419.444360175507
-861.8375626501662
-5666.986655770066
-47.81966072423286
-8571.88923699947
-1975.8905695306687
-1795.1570966366182
-2350.5801781891514
-25.98954758655139
-5714.6704786444325
-2153.193124363468
-2767.382463446571
-4933.654628841049
-3207.986620708314
-4621.517098121817
-3009.9251545497505
-7351.778982223259
-1327.0198686635613
-3004.1194026372204
-1168.3834148323176
-2287.5018174610077
-2787.42922413925
-214.98944342085017
-2695.3255685280806
-5247.982586061461
-2984.726993159624
-3984.9206493655875
-5528.056662446287
-4343.405206809712
-3467.2812553996505
-5809.919727287287
0.0
-681.1197116328481
-3509.376715636919
-4490.750680027404
-44.28983286521982
-2482.707744178406
-1278.0334094848076
-711.9582002022132
-3959.9161682584922
-5444.5441731914025
-2204.124188734107
-55.34860627639051
-4377.853911691964
-3062.2665473342663
-1860.6055899139017
-3677.222364360999
-2658.7687052231636
-4544.470354379091
0.0
-4797.973970627708
-3844.4799878290883
0.0
-61.99164945373608
0.0
-8055.941710354138
-1898.9480104290544
-4358.676726424429
-4359.5765118690115
-4651.683835593624
-1236.4833531908791
-3576.0070211769325
-1725.9410103903717
-3344.681809092897
-4309.7726050956535
-3986.8874514665836
-3948.266234022143
-2542.159317276907
-2300.9661354153814
-2489.036178287376
-5271.253568776236
-1691.4386850903084
-3733.4803893705707
-4082.732408940338
-2402.2343392124535
-4167.375793248388
0.0
-4745.03248605118
-2116.6881403159646
-3951.6291442355378
-1222.7325067473034
-5047.370609449381
-2456.6451335236
-1203.0334122998881
-2706.456117259665
-5560.059406681779
-2914.4427975186395
-4338.47784120149
-5062.612440343691
-4509.4449253479015
-5520.965299451482
-2806.058866781962
-4734.996318919363
-1848.5069625629355
-2170.471626304327
-4114.054103951009
-1452.047140884532
-2144.7893052450036
-573.9810160514916
-28.164811964793454
-3745.616901007076
-4131.555577126373
-1100.0037091023507
-2916.02006617915
-3119.5874776139867
-1697.4031738008052
-5895.750582694208
-5650.91945408704
-869.9506547093594
-4051.706751151854
-3788.5457126068954
-4684.177757883289
-1996.1066441366652
-3750.4273072161936
-2818.696016761762
-1369.4793710153967
-2001.5004898764855
-2324.291793787336
-1066.226104670919
-3441.121037654657
-1743.6452151634448
-1094.01509840453
-2374.767949718847
-2344.3067740183506
-2546.818721694128
-3780.0483394979037
-5291.928371644037
-1798.9762815606996
-7186.60753733136
-5746.502160542753
-1084.929457396721
-2796.8241439162343
-922.8561388137573
-751.640573762251
-3547.331588292836
-5414.878554057901
-944.6807390665649
-5807.847597826393
-2785.902867433031
-341.1390881793217
-580.9159812324522
-3683.600020608654
-983.6378020524032
-909.6339509263005
-2976.716253137909
-31941.388790337744
-3197.0426940207044
-4426.432010726398
-2441.5753088545434
-1282.0904658528461
-4464.0921823683075
0.0
-2561.1456997506325
-1982.913820696688
-939.3818112394143
-2389.868078714358
-8798.439967134851
-3488.1381055282095
-4806.412708291633
-2640.128938457598
-2774.376503696248
-1333.8299902949632
-3026.5341559983826
-2445.685195007076
-1361.7616248202387
-3152.522187476121
-3089.350112134751
-2708.449161710378
-3774.2147767682955
-3200.248843244229
-6818.790344095168
-2686.917959007094
-810.7622372152816
0.0
-3357.540624315757
-4563.481369028653
-6522.537436468006
-2114.757710340272
-7508.000474937808
-4340.870566835791
-1785.4724782873209
-988.8058444990538
-49.02543172877438
-3140.6293195752914
-2651.2156180094503
-1458.5381587229417
-3600.1448426298334
-3259.778424642127
-287.8117192066474
-59.28003280965963
-1535.6489437973323
-1165.6650889560792
0.0
-5186.7297766566235
-4808.407900430633
-5674.945634464066
-5761.816832538377
-24.777834555106523
-1338.3122088021978
-960.7794376506662
-3240.2197141943147
0.0
-2763.1731544572435
-1952.742192499627
-4796.490672198444
-7375.667660216429
-1572.0368073682146
-2517.6882226653033
-1166.0570888300122
-1693.5611541078272
-1660.0618292823135
-1203.4821884840578
-2637.417517327309
-3829.795366650346
-1019.6060862778173
-5055.496668176177
-1850.914729930687
-2381.048118062999
-1919.241401714876
-5926.150047773718
-4738.621578198533
-1893.331584485982
-4165.245355004666
-3364.3673511101692
-3438.999501285876
-10031.447333770218
-98.7158941491673
-2737.43048430851
-1324.788837297701
-1987.8060703960361
-61.021278936339414
-3620.3794622240002
-757.870845923303
-4662.285661841225
-2091.808641742716
-2802.731535239131
-3824.348317823626
-2778.2318980158902
-4069.7716013510476
-1637.0975777630374
-3233.671092756873
-3299.7807595784957
-3507.164528964779
-55.84580206658195
0.0
-3913.952534240345
-3410.3872806474224
-2640.4129232348305
-3163.795018366867
-1729.3444226214733
-2557.876228247663
-4596.691198516271
-5021.369756972439
-9485.094155095972
-2136.414763094792
-3596.8749989277453
-3950.890893537979
-2879.9685488537198
-1437.4792927282858
-1489.449866356169
-5114.735705964184
-1042.5193253691396
-768.0653296741001
-7057.100821174131
-3778.0689167431888
-3896.9255529349675
-1327.798872898563
-5794.996305241933
-2085.638695445031
-1116.30558084445
-847.3114467832199
-3469.4614648674906
-1775.425214734884
-6411.656424117083
-2634.062310026298
-3665.6394358921225
-2073.613824313948
-5117.074347798204
-1487.9883884195062
-4712.550490726459
-3755.248565587047
-3220.725818659424
-4175.341046964511
-4116.15331477575
-899.0653774489471
-1442.641658011528
-2295.3250309613923
-1039.6207961485518
-6869.984312697004
-4956.777380572825
-5073.658613989819
-708.4530882952229
-2763.745456258852
-3762.223021343671
-2465.2971154453976
-3190.9652022453606
-4656.894928538353
-4528.51652154047
-2877.982543384909
-4537.14045719457
0.0
-2126.544817108593
-4436.817388790342
-4266.274763513392
-3541.395968050537
-14504.883665890917
-2314.57641041331
-11.315760377031669
0.0
-1928.0059916966195
-1757.235835455182
-1075.0291652958917
-3397.124100332263
-4962.062944696616
-2149.8124035622805
-4148.833198405409
-1216.4518261972942
-1645.034914396253
-8127.048364113698
-1302.8553827362243
-2637.9710780304385
-4303.151484668011
-3704.365504995487
-4082.594084098755
-2270.5650064593965
-1808.748839224042
-1489.9815189239066
-5258.568776653308
-2686.437199135716
-2152.847103334213
-1751.4658193861674
-834.4108660496308
-4210.999285768254
-5175.336504408699
-1604.722944753466
-2741.596670015876
-2390.0826221594157
-11281.122091697127
-4570.595485770775
-5390.367763083104
-1610.8727143370515
-4538.806217179474
-2887.812253064785
-4669.031122961899
-4213.9151975681025
-1300.2394887991009
-572.226796290325
-4469.657098179395
-3151.6629270098047
-1487.6515672321243
-5518.406170245463
-2357.0561121294973
-1853.9893122420647
-4139.279411628575
0.0
-2102.9869484159244
-1086.0600457274545
-5005.389154346994
-4438.062961884944
-4016.8696283000086
-2642.21539407812
-2320.3065170070563
-4969.885122755002
-2270.9085619475172
-38.07971937610626
-3030.3017511795683
-3224.2422556515708
-2882.1379340444805
-2534.494309740901
-4282.321520281105
-5777.594185378299
-1038.499450132338
-1913.0657409138491
-3079.819411272206
-890.4112244784222
-3458.167009011409
-4660.583177101952
-4946.972186841397
-2369.315190371699
-1989.959379507366
-542.2862171017567
-4002.8996529741225
-1645.622306002585
-1483.840068532064
-1657.1961466231749
-4229.4927479897715
-2995.786689038969
-3519.8959440771696
-4288.590882046761
-1504.8833390475859
-2762.2047363631314
0.0
-1087.583908522151
-2603.2268152129877
-3729.4908230965975
-5909.651565426536
-2777.469125643108
-3040.760789476211
-4754.039598805522
-4906.411005605449
-2178.2825062250577
-4295.297419971011
-2460.699644383524
-5473.35895315134
-3561.705605032921
-1730.964283401471
-4251.3022663446845
-3842.97914920476
-9446.11129223596
-1936.951216340389
-4804.599639505585
-1674.8969740419072
-4899.60009964642
-533.0788240695754
-6454.214427464194
-434.83954260915226
-2241.6384207108918
-1071.8352706530734
-1924.170790110865
-4681.06273750601
-3475.108086674809
-3627.172220368946
-1082.4700912342946
-529.29771826278
-3298.1082019161604
-4524.24418600528
-4646.928591058371
-2761.467758572016
-3155.98120994174
-721.0513996092179
-1522.617984843694
