-5233.703387967406
-4072.3166581593077
-4228.240336344392
-55.08962450304732
-3950.3681729877717
-4416.660800148968
-1398.3159968422744
-3703.6483935581387
-1961.4293057979314
-12717.082000842529
-3621.4765301920206
-2045.6964977603084
-5068.907626305501
-3851.2716134440443
-265.27377911495955
-4664.943806900243
-3587.1809065159277
-2772.726499048321
-3171.5785853011807
-2589.1150784766337
-2806.825146257406
-2405.748752875652
-3781.4042563105236
-4163.069407497068
-1941.2499478205375
-2975.2163654757237
-2745.0773689383477
0.0
-2397.5288116549477
-3891.897492336399
-453.2931884944345
-1750.1880476602503
-2508.5463452875056
-1090.4178699483098
-4368.1452266144615
-2571.26174048334
-4160.6754399569145
-3763.2010060077564
-2873.5087332865673
-67.54674912567894
-1408.917425314473
-5145.5924744462245
-68.80308403837314
-4173.541251599484
-5122.869820925033
-6899.40949118389
-1367.209611705205
-2406.9768656245765
-3500.799460525005
-1625.7493811192335
-1050.1191317203325
-3404.098033774107
-2107.804648531177
-484.04055172790805
-2713.2640065001133
-5380.969996387446
-4159.172173803591
-4995.13387002004
-865.6983140601315
-3455.80261590988
-5377.82403051563
-4925.929762634823
-2335.8697957924037
-3201.078796383051
-2179.2321048896397
-5672.481995441846
-1475.5925959955364
-3115.7002374662684
-2360.514923084982
-1943.9630353373107
-2358.517812140374
-4044.149878171293
-2745.181247888925
-1092.7163511399626
-4533.078464939347
-6211.058639560233
-5162.601534257918
-9408.350903822637
0.0
-61.49431416082979
-2264.8709288319833
-1638.7712356133086
-1101.9852528449537
-3711.0121474511207
-4301.913467041989
-5148.081694502133
-4140.642280162471
0.0
-5537.4874349733345
-1205.3899525026552
-4376.628861825405
-1620.372786518621
-5321.661855120314
-3351.984738868829
-5030.244353491792
-3131.0244916282527
-7607.975638179027
-4799.117339089328
-3883.7738353064146
-1945.8817972054421
-4220.772546053723
-2301.118941514737
-1513.493986879041
-3863.5751162191254
-601.3361976940847
-3821.5928629434
-8631.70086379084
-793.7066048402086
-2635.7135808728494
-4765.879094326201
-8228.440233893007
-2975.9836777211226
-3258.7786294436733
-3781.1538617450756
-6791.167358845347
-65.5976209416172
-3752.431349460054
-3943.299823514555
-4783.986593127098
-1296.5455128501142
-2133.489857545362
-2066.1866078513767
-7.179091083372216
-6410.546006114914
-702.3412072778757
-3073.413805084191
-4217.910009781287
-2632.792375035127
-2924.1231809232463
-1866.2634030508793
-5710.205093439325
0.0
-4515.520110453621
-3645.26432439563
-2374.028446917754
-4971.445757210299
-3168.4247258086666
-1799.0384121514824
-3724.2818534311114
-3394.5823946796763
-923.221505434637
-4871.344702738987
-3556.9489519299227
-3093.6956769564363
-1709.9834140673102
-3333.493060483134
-2828.3937663947986
-3380.5687600733986
-1752.874229772954
-2650.138371897252
-2431.4845976134516
-2534.4899088691923
-2077.827599430872
-3221.902568444418
-3122.8374093569373
-923.9032680789207
-4755.5470766346525
-4897.016293808474
-906.251749721712
-1302.6500249352657
-3219.5298047795877
-5322.044347869504
-3239.167159443065
-3514.8057905891096
-1974.449209557262
-1067.1008825084016
-5742.215244922718
-452.9919121565295
-362.5973825371317
-2818.3739481150756
-4562.081688747911
-1535.4654560337196
-3235.743462045333
-2349.3167311684806
-9065.146603349649
-1663.415834555781
-5145.333298803738
-2652.028830841158
-4552.025059078032
-3730.6418533560864
-1263.857510428114
-2612.208157754475
-3081.967639069788
-653.6250297765152
-4168.629062057033
-3189.1387128089336
-2099.998259994287
-1298.0509270509706
-5118.830505574605
-5039.323704525482
-1288.5685420071443
-8171.6786898669625
-3586.2978635458144
0.0
-4549.419755465467
-2099.2274253337014
-2062.5547235315116
-2144.1209260029323
-3188.3701091913026
-3157.2511946562868
-9835.541486323797
-4219.536794799935
-4914.356647005799
-1485.3069942221484
-2768.581404096641
-1764.612917425382
-1419.3003794936267
-1951.5283189702313
-5816.96998977528
0.0
-4685.462810981162
-2865.650573107432
-1262.4694787077194
-2451.0969386640254
0.0
-971.4666219205083
-3706.932817097452
-2702.0250468466184
-456.19196557886687
-2802.2142857763024
-1992.9593530357292
-1576.6366000497324
-4582.332418898043
-2898.1511715290844
-2803.8568245446613
-4172.8853225149305
-4117.567857219261
-2592.6723928802357
-4029.0789764669735
-870.6351395158676
-2618.956512007532
-3149.2456024697644
-790.0540960749214
-1980.5668675870663
-3414.4291229728424
-2343.0199921774074
0.0
0.0
-5574.918986760321
-4215.4655322043955
-2759.0300844061644
-2469.849776977063
-2900.4872659847315
0.0
-1013.9499422587091
-3449.439890062466
-2949.9285273573155
-3422.922034261563
-4531.050584777081
-4592.9081454701045
-4809.540403254511
-886.9587947197401
-4355.557594163024
-2581.793573958472
-1183.139579108354
-1615.2233377299106
-3947.5946186816886
-1703.8897205149274
-4089.0991450195256
-7351.192280856991
-1507.0309707547224
-1615.2827018180121
-2886.036887530868
-1202.7426050974584
-43.25083182188356
-308.0225868391048
-2753.2097949782747
-2834.223954966809
-2054.239360052792
-5325.088925508057
-678.5909459014657
-5181.906310641715
-5062.154811831993
-3687.183532042456
-1745.6633467562121
-3063.797529491174
-4613.80692380333
-881.3485474025658
-2185.1752762979045
-53.07658147168553
-3489.766054975403
-3268.5191277759354
-3732.9211225978743
-4726.739296328223
-3735.0673464806987
-4806.7793101743955
-4337.064926433944
-2251.4348896920383
-4870.512099846568
-1476.6452144626057
-1327.2738393360773
-3740.139593474965
-1844.4026474735467
-729.2747549340556
-1928.0082242100843
-1030.2838132939373
-2920.515161548678
-1945.9654014900902
-867.5606874922466
-1157.6949578155456
-265.1961104243499
-1250.0114800227022
-5083.882764790114
-68.63061494960746
-5108.4838225486565
-2746.4943651566405
-6729.625289931125
-6463.058099823697
-8.01367242639995
-3752.064247008409
-3190.4875645414554
-4430.342734411697
-8287.791297095107
-1609.0943483922206
-2518.5535780322007
-1670.4833057822593
-4044.137953599204
-4427.097013094649
0.0
-5559.573210903974
-3935.751317346989
-3330.2912247805475
-2724.6997040243145
-2947.805732916324
-2491.7303399206157
-5191.676949837798
-3471.0655733385825
-2623.1976791277925
-7.179091083372216
-3501.395967476794
-3367.2355905270624
-807.3294963788877
-2597.5749947934028
-5398.105587136071
0.0
-2202.2785130205116
-2394.2537605259827
-4314.199478583917
-2596.649003859424
-3999.70190695296
-6197.76406295013
-2467.026565251304
-2961.3711004295037
-534.0338122911458
-3710.9289590465137
-1034.9867061053098
-5331.119893539486
-2722.682231254645
-5061.008265137564
-2922.0076399528702
-1372.828760729808
-3259.7907106706166
-1526.0882811190424
-4953.030055491428
-7691.150761877229
-4014.154368127539
-693.0817632126193
-2932.1325664644583
-3001.717781884113
-1863.3225168723702
-2124.393220140653
-2368.586020757385
-2409.8267444056673
-3670.396704111459
-4084.4643329662777
-2510.568451456804
-5217.677715422231
-5197.422984982499
-5137.029198070939
-4765.549203360292
-2501.298275395254
-5158.0246382930445
-4027.63875343686
-4565.566205562406
-3447.715517772343
-1595.8390330565633
-869.3366013241724
-1105.6685629620204
-5411.22695536244
-1887.9738802433292
-1117.300779932979
-3381.259178223081
-2182.2347008685174
-3539.749084482461
-1753.9078837228242
-3562.098015713233
-1929.4140807418914
-3887.321437536372
-10748.114523793423
-3756.2627876413517
0.0
-2839.51691766048
-15239.629521723762
-5003.247343492755
-631.3749158825565
-50.68583540867021
-4804.520530131063
-4830.482333442248
-1899.717936499797
-2782.8126503852855
-2681.304413948018
-4797.706876633174
-2430.13284974977
-2418.3945746282843
-3618.2450958778495
-5062.7871411972865
-2648.273772891876
-3013.1623547139798
-1993.959118104901
-1365.819046762502
-5434.613909670502
-2516.1607805991207
-4299.900700886033
-2964.537403678872
-829.626899997094
-2607.783430605214
-2989.926982658889
-2015.1244472092849
-1246.6991788477858
-3511.247140914139
-1015.3180487844388
-571.9708233811177
-3313.060882855385
-3232.410195946794
-3768.162211646689
-5355.159529921148
-2938.661433383831
-2598.225083865477
-3195.9462354957805
-6141.943940219425
-3292.287976772836
-4637.584789684052
-3634.019009270093
-10251.36331013195
-8216.324464742878
-3559.562241406206
-2421.825392022801
-1001.295164227279
-2344.6876480032656
-3106.6076080905077
-1882.8814152852399
-676.8035008894042
-3570.7026400003056
-2005.0839183316273
-4448.662758824346
-4615.657945239327
-4909.578082220121
-903.8846697478967
-1270.0382067098137
-8559.321736447058
-792.1432112911889
-1813.490008826901
-3352.2613188616474
-5024.271903315534
-2789.234776118517
0.0
-1593.209307542652
-1016.8748737420967
-2856.85283416989
-4392.765362441451
-2820.5343216799315
-5156.086697707429
-4444.251290788876
-5562.263984080822
-2378.002357980466
-4211.932136979389
-4586.955632645771
-2732.3827268601635
-5563.590058620878
-1285.8669479638281
-2448.132871481668
-4572.361732563605
-3780.3331959951242
-5471.515379225406
-1206.2060018173884
-4150.997895592739
-1006.5901143024021
-3625.864404079525
-4810.651061791099
-3951.6896075928507
-4898.897649905772
-3509.49172923684
-3859.3315552330746
-4137.552071136142
-2466.742663103567
-4852.3130154018145
-7715.180559179105
-4536.06452341778
-5377.80741091493
-4347.042192095917
-2562.469034645148
-2437.2373896262893
-4275.2664966544435
-3874.21275127524
-4170.581848589559
-4987.97833552295
-2807.9940880313056
-3844.770186447889
-5901.135533965395
-4687.965233735696
-5077.585013158444
-1831.0764501820258
-3752.4789317859445
-2406.689083968662
-819.3716320082364
-2691.705484844989
-6989.250359744467
-1402.7691891188572
-3025.7038987279893
-5558.291082542358
-1044.7092065682582
0.0
-2430.096631228217
-1907.777859539345
-712.2370210290406
-1695.6084096734803
-2090.2404717452077
-5904.950324417809
-3546.5929679797428
-1610.3342889771739
-4224.689287737775
-4640.718543917497
-2840.906597813831
-5011.221192572204
-7872.555527266139
-1974.6704506796257
-4091.437227359004
-3681.303059759937
-4582.688394177227
-1025.8574781130696
-2952.636729978928
-2424.3041382095535
-3330.2134317762684
-5444.004268445102
-2496.152719096414
-1055.1192475407122
-1304.0941917995535
-3863.285678937904
-3870.0019033346866
-4995.729292830309
-2627.712881997071
-1395.135485501466
-1413.0002941566954
-1319.7046611150768
-1415.686660012628
-2061.936332767644
-1654.5976051341281
-2592.8918487040337
-3296.877659144456
-2871.029355157831
-1080.5289427732719
-6417.470348758388
0.0
-2376.4139244086505
-46.75153854052895
-1037.8090807571905
-2956.8697545550485
-1731.3937534705356
-3535.400037301179
-2850.6236253543498
-2411.3850523361
-6787.27440719218
-1830.4561588315025
-7329.09904716716
0.0
-3356.118477226266
-8.127219935459571
-56.386834716984296
-2199.9944666570163
-3829.173107160805
-1975.0301777632278
-4844.773022692814
-2633.5654267758223
-3142.976207067437
-3470.6791411416602
-2531.232868172447
-3653.4225919553414
-3519.6561318435656
-4052.05131791074
-3253.559746248581
-3426.7069304375673
-930.5089932115404
-5100.315388071687
-4222.656506886638
-4962.704828238981
-10455.132537889265
-94.90550333813428
-5503.638179333473
-2506.5588309843074
-3032.973931301371
-4572.875198045899
-3588.4447459637354
-3822.959942980431
-3415.108875746425
-5850.329039278389
-945.8169977229207
-4245.0893166073765
-4758.77889394
-3597.267359506761
-1399.8593070659406
-1686.0792489229427
-8421.055736383129
-7000.418483836213
-4253.323667332434
-3282.7142639637677
-2352.697478317254
-3988.52140710077
-4003.9860842588123
-1650.5766847632658
-8956.288468838991
-1175.9758404488487
-5868.931234519887
-2916.5863231375984
-5040.121958616962
-4909.265192251519
-2883.516775473441
-3547.1810409654317
-1485.235688533066
-3193.185990625165
-4730.429368077276
-4407.962713265054
0.0
-1856.6097140058414
-2973.7266961349555
-1260.303658178651
0.0
-1402.3366587521243
-3596.384544547208
-5421.101617111259
-3849.4774473825505
-4437.438270486723
-349.23552512365615
-1053.3255261299216
-5061.222317121066
-2157.6306797280013
-18220.48730866947
-4851.982634920108
-1091.6272535593994
-5197.635593842759
-1114.5647995680376
-999.7860807243038
-1085.9561782963244
0.0
-1219.0879882650202
-3679.780080975668
-3667.159359384575
-2797.21577138659
-5719.031287533823
-682.437367146478
-4303.288519202532
-504.0122277337649
-1212.5501036374253
-3630.3972546042887
-4652.492643551453
-4720.051584135846
-5905.4889837327155
-2423.001598822175
-2684.6525513069246
-1427.8337909179666
-4533.150891834803
-56.92259688025193
-3426.485722384963
-1745.3433926277135
-5345.235743758094
-3376.181431259224
-11105.989387822661
-5757.21334922028
-4093.8409478447375
-5807.203651345626
-5169.981216411704
-2973.6705021527428
-1068.89963611086
-1369.7212577283917
-5580.3633207100265
0.0
-4898.221547201676
-3815.536841845642
-3486.8955102636332
-3190.7692602476604
-1475.9287108442356
-2632.9188766004777
-2694.0786316253484
-3704.7062072684043
-4105.288295096332
-4149.367996810183
-3565.055191855175
-874.542659756822
-5543.057634289244
-47.532989040437286
-8375.246432036904
-1987.4826835799386
-1808.8014286244966
-2398.1374200994346
-25.488826782013188
-5623.926708286679
-2157.741406028678
-2716.732718307735
-4936.951584706155
-3277.0064611272624
-4703.632816107291
-3021.3307520894855
-7262.571171841633
-1518.088650662876
-2927.9962921330202
-1242.9886089658348
-2357.1882179161885
-2755.263849785857
-238.5065097902999
-2687.0608265415476
-5242.630162152591
-2947.0025023318935
-4012.5537796824215
-5679.2510794826885
-4341.951126368577
-3580.682409913112
-5738.124065712403
0.0
-718.7501256453605
-3429.5655508035316
-4477.053584449047
-44.55160671494842
-2501.5153542790667
-1302.0188693768566
-708.6156609080402
-3958.981056092672
-5464.940711113411
-2386.7739804808766
-54.6765915833263
-4389.671755003979
-3011.8954915632503
-2043.0875639356307
-3759.1900406736017
-2661.8426078039124
-4584.053807065226
0.0
-4793.458368114008
-3908.0005532199534
0.0
-62.7095973461447
0.0
-7787.777003026775
-1852.414535636121
-4224.8517425974205
-4237.054781645554
-4656.232020921114
-1295.7177799254882
-3547.7779486048153
-1801.5319453660004
-3270.970284845465
-4338.5119128197775
-3968.602142064402
-4051.3481317538585
-2559.17620256776
-2257.02936242956
-2535.480764008232
-5254.951309407581
-1712.6918866983362
-3711.3445564466515
-3961.1721608441667
-2481.698942831078
-4071.5058540039918
0.0
-4749.428478756186
-2131.1635912520883
-3880.6779856995768
-1300.721927189352
-5040.515292399748
-2484.3613037685614
-1280.6228586098655
-2659.7434461039607
-5521.508019238028
-2924.0858608885437
-4198.497497610486
-5017.030551140777
-4505.237019689483
-5572.245092080354
-2839.144488335582
-4598.11769347207
-1838.8398553436273
-2214.431166977052
-4016.1432358061484
-1468.7715494029355
-2152.0184366305657
-601.4157035313739
-28.558860994684238
-3738.7992091055244
-4221.662299124923
-1130.0484400066418
-2955.416865736601
-3164.9019320956386
-1772.6012249707996
-5947.914433507094
-5639.442513974317
-880.9429988221805
-4041.4382677227954
-3887.468170094869
-4630.187773093173
-2047.4021031186237
-3789.0145682084
-2853.0936055462716
-1459.4991349526777
-2033.483321968068
-2253.8274544675555
-1053.449051352038
-3379.658864809415
-1814.54633037503
-1123.2521560212288
-2406.4976357198657
-2371.237833007677
-2529.8989952531438
-3813.051114258693
-5286.929901226461
-1886.1770803951633
-7087.834885698786
-5735.323511279072
-1092.8092631994714
-2807.5162901011927
-943.2436042386566
-778.4393449218567
-3473.9061867442065
-5332.399269660337
-966.733097916438
-5754.743764001055
-2890.2034372355415
-354.50225440747977
-585.9861353535703
-3573.2396908707055
-1005.0552166558513
-935.4622859293346
-2909.832192533659
-32293.98724373809
-3219.4102645108983
-4490.915584648539
-2418.0055385063797
-1300.0213069545812
-4420.034588559461
0.0
-2622.290423014494
-2036.5501000318875
-941.264817860398
-2415.6805730143597
-8706.754619050102
-3496.6400962348644
-4669.78791668301
-2671.554822504003
-2793.92020910202
-1378.19076910351
-3065.0623955954575
-2332.7412579276756
-1379.8104008209548
-3150.0574518416697
-3102.0508558225406
-2662.845256000785
-3795.3450882408465
-3118.314583237085
-6657.853296462965
-2656.4317244275967
-849.1803526528838
0.0
-3311.9960961758748
-4670.939989022838
-6572.320528603241
-2157.448657457388
-7454.741291387591
-4218.301154686132
-1808.3978815214043
-1087.8761508424611
-50.44453088982162
-3152.1995556879156
-2717.184348730462
-1524.208466393395
-3649.309746178859
-3271.2149463595483
-314.4428333006778
-57.77490552815765
-1548.4590545780727
-1164.1684181709008
0.0
-5203.702606670304
-4834.67952951182
-5633.972241552043
-5787.732647482826
-25.114242869670896
-1351.1068905340226
-969.113511842047
-3261.6080156077724
0.0
-2847.069673159693
-1977.001829906272
-4742.87466188159
-7333.682627021986
-1597.4925489597024
-2558.2014280654384
-1217.7427124139847
-1713.153332640044
-1679.7068646314722
-1215.6375523271054
-2661.2068092695276
-3892.4047757362796
-1054.5752729600706
-5108.788896052369
-1821.2232076683972
-2395.661118643557
-1930.497347490894
-5980.487315054904
-4747.653390824436
-1990.64463953082
-4094.204744808488
-3425.296190461701
-3415.8199778014864
-10038.92784210685
-97.0930574466969
-2678.637310571444
-1338.616388863171
-2019.1943420168534
-62.646597419626566
-3585.1206097485715
-820.350683910499
-4654.567965614172
-2132.883879759939
-2940.1152882137044
-3923.800446907676
-2785.5994586280003
-4108.804703099399
-1642.368012316469
-3320.33484703576
-3282.4402425141857
-3454.94482811334
-54.833263257903056
0.0
-3909.696679114463
-3369.1294211932413
-2689.859058224427
-3169.2254606536794
-1642.476727401364
-2587.8033620598644
-4588.801729455623
-5018.593582531543
-9443.240283161116
-2282.090493111099
-3646.2027110639506
-3825.7954084777184
-2938.262027692154
-1429.6333768425636
-1489.8915513693412
-4961.557266887066
-1105.2649736385156
-785.6383914705173
-6974.970934513401
-3696.643155576536
-3819.6383021669476
-1323.9008976317039
-5709.164510913862
-2121.829063063935
-1110.5691662299978
-859.5545547568577
-3379.8357600404775
-1796.8942155035927
-6408.668733825177
-2563.915035719135
-3671.2788267809783
-2096.583067657495
-5115.84205654057
-1502.4679946848667
-4746.963466780235
-3761.4804773107526
-3215.9923309965216
-4105.557701041272
-3976.780978776599
-987.7636314231486
-1360.9922466440705
-2310.814514302163
-1031.5564568651805
-6763.788988721732
-4885.921048051492
-5006.021487896737
-724.8722116849917
-2788.0984848796575
-3796.075744809633
-2501.681823466576
-3265.3160080692346
-4603.5653067471685
-4509.470900784283
-2926.108806075172
-4536.26607670277
0.0
-2136.6256781935817
-4433.937096684324
-4263.418810074466
-3524.234295914338
-14552.732335670717
-2325.2054048109367
-11.706057368180264
0.0
-1970.2996283396628
-1752.8914213617722
-1111.058666586773
-3342.0116853310037
-4949.246377998641
-2189.800585084483
-4125.264087682416
-1214.3553629916198
-1628.6331778659217
-7875.060462999934
-1318.4021835616356
-2657.6034416981606
-4359.60193744566
-3697.1074388593474
-4063.197110688211
-2325.843154395259
-1813.2832499352005
-1599.5775330082658
-5237.593688809978
-2661.47588885925
-2190.6106017487327
-1817.2024641700993
-865.9106285343684
-4279.53677879593
-5076.06771841985
-1644.9687937016915
-2748.2979623610136
-2301.267177199742
-11295.84025912605
-4575.652781220225
-5302.583203023695
-1625.457664134146
-4565.646603635835
-2895.6749633871045
-4656.901799171628
-4256.224683021564
-1345.0946704782043
-577.6416598501554
-4560.755132018463
-3159.8230525856216
-1478.7935026295022
-5381.247858142908
-2390.3397026676676
-1903.9652070605864
-4073.9937966334746
0.0
-2133.584970215326
-1169.7707293164176
-5071.026958529466
-4431.1938026074795
-3955.088786330409
-2665.050927764808
-2383.4741359172654
-4965.721772370507
-2285.5551777242076
-36.890018287220876
-3042.448992245829
-3257.67643157827
-2879.8802243344016
-2533.780660652261
-4250.900100071899
-5728.962105669473
-1107.5946438959545
-1945.1860496978452
-3080.579037137037
-894.7179172803715
-3432.112477637428
-4699.011745330975
-4956.502023093152
-2277.3676563415556
-2031.0388038109581
-556.1373427493039
-4078.3211453766257
-1652.6794004815144
-1513.0092762417257
-1700.390652525585
-4269.840752764727
-2963.0623106305807
-3537.525808373527
-4300.338322764126
-1511.4613986925292
-2778.8497579028613
0.0
-1158.922105924933
-2642.824362269535
-3671.5963503598305
-5815.688839210325
-2798.0609760242096
-3083.4883758963874
-4812.719318864028
-4859.228733882798
-2203.638999346702
-4214.335336177459
-2534.400409406815
-5327.788077915696
-3582.396091880005
-1700.7513747149637
-4143.757404761935
-3870.700240642044
-9449.586299024857
-1972.551144604691
-4785.7661045528175
-1721.1495557441854
-4894.5940129385335
-536.6717953450425
-6520.624121123147
-468.21804593900134
-2242.694517933291
-1086.1793640223148
-1951.5518283560448
-4630.605454554054
-3486.9403729446153
-3618.989937953118
-1095.5925754893271
-540.2163088622441
-3294.339232532827
-4453.011812131984
-4696.370815933678
-2787.29741682391
-3172.6425339145503
-748.1788304587509
-1518.035981642925
