-5391.893341533666
-4196.087627512099
-4202.989608971466
-55.527324227416145
-3949.9253475846845
-4567.648533689559
-1438.7563121733278
-3672.583935791086
-1971.6334523501757
-12777.760538491564
-3607.91896591055
-2069.482165428786
-5240.661339848793
-3897.659816508181
-280.4778220260979
-4625.729861983017
-3748.3838533326752
-2728.308246892433
-3223.966230233496
-2582.2454435660125
-2781.703764185935
-2364.334604420225
-3873.812716707716
-4266.684204706994
-1936.647267932892
-3086.571738797392
-2817.5181543145422
0.0
-2416.6678055585926
-4077.626728032943
-469.52376057187803
-1871.5131376627799
-2503.9513343814583
-1124.424189907519
-4560.006691992433
-2586.0988151853726
-4193.279697417284
-3887.256319823112
-2835.9334984862653
-67.772331444849
-1562.7482635773072
-5172.310440387139
-69.80031542741386
-4141.5692908293295
-5320.308779770713
-7068.652187290746
-1385.2389053299248
-2421.6514619618742
-3475.0682714871687
-1601.3400768749798
-1102.6932745474937
-3603.5556142575474
-2123.0460400215948
-497.9880479471296
-2799.0513507390483
-5577.647580642378
-4223.81428247861
-5187.321294072118
-893.1842001450456
-3517.100894282448
-5462.733599303632
-4968.903508309804
-2466.509404447559
-3208.8138759175395
-2255.3869839375766
-5843.285773603476
-1472.323843563459
-3232.8686471248448
-2521.6933129988097
-1957.0029991138229
-2388.62033550263
-4110.612859440344
-2926.7145163647097
-1111.7883637324892
-4563.25023853576
-6165.722332575238
-5437.620390814229
-9446.863176114652
0.0
-60.70878896929496
-2359.213530398897
-1649.7857491351008
-1107.4983990282474
-3775.59369446597
-4482.115548978148
-5150.07431527473
-4109.018611413834
0.0
-5520.852626513039
-1240.574719937026
-4366.477948289204
-1629.4964533692216
-5317.550367038521
-3367.6846007858985
-5203.477373522585
-3332.806278046528
-7689.913233772219
-4963.371898812824
-3894.987259378545
-1977.452114630446
-4195.43586027581
-2552.993136108149
-1498.4256813918814
-3906.258780548619
-606.8189984586661
-3988.270787209175
-8567.300230682891
-812.9713356131035
-2641.0996699139164
-4850.10700489778
-8323.616172189184
-3000.9744841903407
-3435.4354225461807
-3929.8935234576747
-6772.480812374246
-67.40250086627574
-3753.8857181789745
-4104.751952017597
-4940.816793621959
-1325.7706274642267
-2123.137337246457
-2085.6155453454735
-7.116531132634343
-6411.979814617887
-727.3818842146711
-3098.8274447143226
-4410.18839961516
-2556.157172392949
-2951.6183261522597
-1988.1715364457789
-5690.217560345962
0.0
-4644.254915320332
-3830.374388221203
-2441.7757884601306
-5056.7294793462725
-3111.8303868302114
-1791.8836179958814
-3892.7647347373754
-3457.808906294792
-923.708044080297
-4900.014910817288
-3679.7915017917944
-3165.3838788500266
-1714.0754337801527
-3528.098814747622
-2836.6402623844206
-3585.075522763676
-1758.479963071665
-2752.1949210791918
-2522.8211987665577
-2555.070649525442
-2073.8497276929193
-3293.452852123839
-3102.787814850962
-932.3169570865188
-4792.44257818326
-4999.146280020232
-942.7519219060352
-1332.491658145215
-3284.3440564221
-5452.506511412202
-3238.7886401920186
-3663.7025462534916
-1986.4869258420879
-1089.8017655206036
-5906.103213035013
-476.5078443425569
-360.9335846087208
-2846.4557754738635
-4510.86487058298
-1550.8155774155698
-3383.542326183205
-2320.877951543679
-9017.302100289042
-1768.0068881536874
-5330.615447221257
-2714.3471755741352
-4563.995971812989
-3845.622403975143
-1269.3389884531698
-2681.4333582676404
-3226.893058056839
-655.8003328956053
-4185.380943817741
-3232.1744137505325
-2232.9963318882137
-1352.1465202378988
-5170.184863721519
-5089.351716031162
-1385.4559087493951
-8176.616321279671
-3538.9603850216254
0.0
-4565.6130599073695
-2106.524471931112
-2184.160323790443
-2110.756782188923
-3220.6809688629432
-3105.5698589940625
-9892.860725942714
-4201.578592465452
-4892.300909893538
-1471.8372184883792
-2828.722145580181
-1767.6401412694652
-1454.9086313114894
-1967.800669534615
-5820.156034944269
0.0
-4853.7051736080175
-3094.97597119763
-1262.7641264416748
-2495.9431393087457
0.0
-989.0328313219268
-3711.6069350929915
-2814.30457867469
-447.86905463420266
-2869.746830210358
-1995.7484495712029
-1613.0517641277463
-4804.179904981573
-2919.1702088678576
-2936.085541531332
-4384.482152209699
-4137.925734156653
-2664.4835192147702
-4188.161749065324
-866.1938346846986
-2698.005427170783
-3249.2931699976093
-811.3044506310332
-1982.0328998898747
-3479.7866268560183
-2474.1745724179827
0.0
0.0
-5701.211647723026
-4254.224587099605
-2751.384501774705
-2560.120585875289
-2979.4714685927775
0.0
-1027.4187177024257
-3517.649294017993
-2920.926480127804
-3573.248856008096
-4533.1370732992345
-4532.397381523178
-5032.427453192529
-904.3721381098794
-4441.474459863435
-2549.29279940524
-1186.474254049734
-1623.3338184404095
-4096.1433494417515
-1791.078187615485
-4126.45822763933
-7293.863565119003
-1511.0056928488953
-1639.5379845189095
-2920.0034505552476
-1203.5619333200084
-43.14368919188992
-311.2196979783688
-2915.6615600788195
-2847.257014316971
-2062.4006679509366
-5490.659240368766
-686.5496618569425
-5156.669306116713
-5144.674154462971
-3779.8502983929925
-1757.3349177149432
-3080.3661200516062
-4803.670384861361
-891.9004891392525
-2376.7482874725206
-50.994898288626224
-3543.879667585092
-3331.4865142247263
-3822.6284625938906
-4924.095411657201
-3824.117173894938
-4891.518368855201
-4414.515945218574
-2408.5853181594657
-4957.5677914598045
-1517.4972455356794
-1314.180020178454
-3785.5173848300074
-1862.8463900213594
-728.8250462310166
-1918.1708448005695
-1042.7463933749311
-2966.260891225507
-1984.9992361481548
-872.8997582686703
-1171.4629253419282
-279.92041369871424
-1258.8454701773633
-5110.446717644224
-69.01113129313782
-5275.701718950848
-2780.0472696229
-6832.090416561571
-6429.826451262308
-8.115478326313628
-3756.2368945474777
-3168.2120737138775
-4602.708980671879
-8406.13809379868
-1598.1385340139627
-2541.369201291114
-1700.9955034301533
-4113.04937716011
-4709.6466351815825
0.0
-5527.601985165608
-4084.9745011114715
-3380.6640206217908
-2743.623268030271
-3018.5407945755396
-2439.0197401930523
-5238.402827230468
-3671.361957931134
-2647.8694017465323
-7.116531132634343
-3590.686985298171
-3470.438388448397
-836.6735913740698
-2672.1814486019234
-5387.932783830377
0.0
-2194.063555445113
-2384.594281114219
-4239.118584734605
-2718.5180391338986
-4190.983021694393
-6312.414887222373
-2509.8688041831047
-3194.6995046578268
-579.3800793159231
-3872.538418336681
-1033.8745030202995
-5364.043647808538
-2707.5876310389895
-5227.28616027797
-2912.8617678812316
-1393.0697139766728
-3343.497950429897
-1527.4392152790333
-4944.735556716934
-7752.076468153555
-4162.4475684014305
-708.3892121906264
-3057.018009644354
-3005.104527129023
-1884.5116608328676
-2224.9326486873497
-2395.123484638015
-2441.898983409837
-3737.1972501965556
-4045.275876430578
-2618.1857454317524
-5338.996961314551
-5185.760551187171
-5183.616000940253
-4812.537109801825
-2538.8959211596375
-5367.004977248838
-4061.57561548241
-4706.167467997894
-3499.3749536223822
-1732.0524097377006
-883.0550691203208
-1110.5467736257763
-5459.515709464069
-1930.001902606711
-1203.6618780560218
-3456.4669645476715
-2253.2474605828925
-3689.4537537195165
-1766.6120986875771
-3600.8136309693687
-1932.505903948326
-3997.2093792844275
-10850.029320986092
-3708.6111238008707
0.0
-2868.895291790261
-15369.133174504099
-5172.676090409655
-626.6388104372402
-50.56904873212594
-4874.88047860869
-4901.808136433814
-1899.7391072856226
-2775.88360085568
-2824.2930200020855
-4929.579601567813
-2511.2506082102154
-2445.7465658827955
-3765.723358861111
-5278.234954499242
-2653.494562918708
-2994.334622296584
-2115.130325031232
-1376.675725905033
-5607.605695541667
-2525.6372448373763
-4369.56000335728
-3012.3724462768596
-836.9230616056993
-2600.796654690337
-2951.680793508686
-2122.472762728824
-1287.937363814212
-3595.2313421421222
-1033.4537829573771
-587.3499034338173
-3396.0175298900335
-3416.2640093163745
-3936.379654531231
-5448.189711530948
-2961.8555548523595
-2629.940211480002
-3197.412849237309
-6144.84847629025
-3339.6735900074077
-4652.846754088507
-3619.6743110107113
-10422.820598393148
-8319.149793442994
-3567.8330419899844
-2517.1439276473507
-1012.4593143225
-2405.1902049361174
-3288.687090447932
-1912.5837682734955
-688.1451079625926
-3729.584773558215
-2004.219983721296
-4539.8287538239965
-4611.508087741937
-4932.096922173642
-912.3749760745912
-1307.1533715857277
-8602.96017396898
-803.3780110055576
-1841.5932180165184
-3530.9474452165286
-5106.044533985881
-2819.0308184139917
0.0
-1635.7915856539983
-1025.5917350637712
-3018.639426583938
-4653.278655819916
-2747.5477851381834
-5551.092294409728
-4397.200001591118
-5691.741416837552
-2370.394728584188
-4176.329303739191
-4627.402908766962
-2735.3770418585386
-5594.70523023254
-1310.2642468950696
-2404.284819067717
-4709.776855569279
-3832.5462731633033
-5609.770392897503
-1204.9744017999897
-4132.9193350458145
-1014.3140691062578
-3666.234816823166
-4951.436542487463
-4193.004654235303
-5034.908059517352
-3627.3540312646123
-4001.9028060469977
-4302.176013179303
-2480.475672355028
-5019.493899381957
-7720.519450922485
-4726.061046466816
-5624.406041595565
-4373.15162296326
-2663.181479356687
-2384.8099548608125
-4315.723625298617
-3906.189530664702
-4189.096278506043
-5037.295942071047
-2874.826577529584
-3873.442055880938
-5971.452071151617
-4749.8006465134
-5219.877866517251
-1835.045893024413
-3942.948741654164
-2571.965140422738
-852.4040663658541
-2762.8687435604584
-7165.924789339796
-1420.4711557165663
-3087.7708138535822
-5639.701614361798
-1058.407958570035
0.0
-2579.778722976606
-2060.151418179465
-732.0961076015549
-1716.2240265247283
-2311.8174708972997
-6046.362557330763
-3570.29245835315
-1613.4412690745373
-4210.943384584833
-4956.652472126156
-2773.5299481106617
-5009.030260807804
-7934.620540130637
-2194.7726417651616
-4071.563318089352
-3830.570657674795
-4613.522078736448
-1164.0474648045792
-2946.0770164425685
-2447.1166586976783
-3400.6378472938923
-5612.1039750604405
-2500.903803053631
-1055.7967558118567
-1345.0830059000639
-3977.59868956135
-3881.521391447647
-5040.0639900834685
-2637.1842311532
-1430.1923491728546
-1439.5765084421755
-1343.5379763527378
-1570.4850688490756
-2166.1397290418345
-1655.4319003772112
-2717.418364295536
-3525.2373771723055
-2855.233934192285
-1103.0634208034903
-6479.33210956137
0.0
-2423.0348989273284
-46.77967035128521
-1050.643246024172
-3120.8922190239286
-1713.9157253442572
-3789.715568679732
-2824.050685570769
-2283.8676653008756
-6782.996731233827
-1835.5736853482592
-7394.329217366188
0.0
-3364.2922358267674
-8.071617221275119
-55.94364518149314
-2296.108060192276
-3899.491992478356
-2068.5330801383675
-4928.178393115805
-2624.264801340786
-3148.874697615571
-3561.254831025095
-2453.166755049028
-3703.9888872342744
-3503.950165140214
-4147.568283645117
-3392.420377197863
-3386.0850825535103
-928.9752420297269
-5191.271755513825
-4367.155067281993
-5009.94798884603
-10549.505219467856
-96.19911839302063
-5580.719336430669
-2489.3154548546117
-3074.0182375517024
-4728.586202533808
-3598.6641950776016
-3896.6351831720376
-3515.949117608658
-5989.722106129191
-1132.9982198900448
-4330.361034994043
-4930.158544604486
-3605.103266667149
-1572.066902265266
-1687.6198478813765
-8354.6169183744
-7168.540610127791
-4343.243766038361
-3315.3523389937363
-2349.803391223733
-4000.833479105454
-4009.515681229174
-1656.5428012104474
-9156.546914968241
-1191.2591448266228
-6073.666119765918
-2992.324262558558
-5196.789597931677
-5045.000913716411
-2988.274070661504
-3693.6024340964796
-1487.5454277967078
-3360.6331158966123
-4900.283604198282
-4563.532757637239
0.0
-1895.0645434449689
-2914.649063142106
-1255.9883200863296
0.0
-1407.0007729003175
-3667.5361935705805
-5446.570553265754
-4043.197125245955
-4550.076074623948
-342.7211731238125
-1052.98497280971
-5307.870414157001
-2077.3231680875447
-18420.271418942248
-4927.350416225132
-1131.2167206966271
-5335.48982818063
-1108.4328447004184
-999.225735398211
-1124.3696919292654
0.0
-1322.5086560884724
-3795.8321427747883
-3849.915937262874
-2743.369517497403
-5687.075115068144
-670.3423522734238
-4340.86062302578
-517.5042781024054
-1308.8946251137327
-3625.1292326248094
-4710.57993472314
-4802.866054502881
-5930.797494167367
-2417.8939550222967
-2821.5948175861317
-1438.3736099726664
-4550.145690172519
-55.931770976070396
-3411.6414743600453
-1755.2732244792223
-5420.881402565203
-3301.6094904876268
-11129.966553585638
-5842.289649906762
-4158.5552189106775
-5842.245588557001
-5258.881645946944
-3013.0070866959827
-1137.0631325875197
-1378.8571344492916
-5664.442499851731
0.0
-5082.792983339629
-3992.1255905927396
-3553.678989345505
-3396.574530277085
-1519.3938287472254
-2692.042995990665
-2735.208724395825
-3839.762825837442
-4158.467233672715
-4309.990140293253
-3534.004825663162
-887.9476650309655
-5746.789061519571
-47.957910534009805
-8522.706989196922
-1995.246301892596
-1857.3210349976512
-2408.6172701302544
-25.705063807237128
-5690.68650545507
-2183.7461189326164
-2801.1715165485293
-5105.623622533579
-3263.5102891247006
-4677.825244556683
-3159.2518076909473
-7278.2387963449255
-1526.7216196974623
-3033.0446457326334
-1276.118027461676
-2313.1726840928277
-2918.173065728988
-250.53488496471934
-2841.53610717529
-5405.037105844824
-3006.8182092599527
-4046.490047436567
-5771.524557268947
-4525.909484723793
-3584.8022145033196
-5798.67023491295
0.0
-749.6495634719226
-3523.840361187166
-4640.911408610762
-45.29349488211213
-2653.517606469296
-1316.5583421516712
-724.0151398843149
-3939.0810875678585
-5430.28479704566
-2323.6567135245828
-54.248053583910774
-4516.04047213831
-3087.107519409729
-1968.0631832338545
-3831.352574576993
-2692.897686317375
-4743.83804816636
0.0
-4811.016562399997
-3903.4288284491236
0.0
-60.9874584090948
0.0
-8086.751757820127
-1904.5072856983566
-4399.217041303942
-4392.833171694314
-4828.424027346089
-1333.407912616564
-3599.1821091632964
-1801.2307173048475
-3367.619232270117
-4501.95440206591
-3993.2324741188895
-4065.0214274984646
-2575.115384377675
-2311.669954279589
-2485.6218662041174
-5263.951421637327
-1736.0685455500065
-3806.376179891364
-4145.4520905044865
-2446.526565925009
-4189.840679643057
0.0
-4902.8729812973625
-2119.2970878578612
-3916.6171007454104
-1327.141117382282
-5028.993758065216
-2459.6845580807008
-1307.8722794320365
-2808.73243616354
-5626.441880754339
-2939.2916111407967
-4356.089232450234
-5020.2883946964475
-4701.606001218288
-5587.964348380108
-2808.3502082600226
-4800.681411075131
-1876.8450036004274
-2183.2739524616977
-4107.317851527952
-1456.692780532559
-2313.555331651231
-599.1008080958258
-28.16227877181222
-3800.646242743775
-4227.613517072454
-1145.2761638368372
-3076.9611578043596
-3102.2604485055467
-1770.1305791992042
-6005.868538184938
-5785.880044410282
-1065.322596014599
-4198.274592472627
-3899.5862956419805
-4731.488002318042
-2053.1534900668153
-3797.8435247226216
-2823.23769902567
-1501.9900519904072
-2147.3711392327696
-2399.8884012006606
-1141.214001572036
-3449.8984241194103
-1835.7295683996674
-1119.7117537135953
-2414.921056686913
-2334.758176590374
-2537.3725743189602
-3843.025612790029
-5478.281705646186
-1924.667684520847
-7152.316619728724
-5918.451859747678
-1115.4744143279538
-2896.158241798006
-953.078018061422
-775.8962119059915
-3581.0159745993697
-5399.363902846808
-965.3968270665988
-5836.615611070471
-2814.217517904901
-349.6889458363654
-589.2994455679666
-3732.334186994905
-1019.6296716247274
-926.2383395840553
-3038.32472282199
-32363.957691979187
-3248.5530582235233
-4507.780046959
-2456.0292584015288
-1322.5240917230283
-4482.011070720158
0.0
-2673.505201779826
-2218.1591805051503
-1003.9104377243845
-2613.967057275094
-8729.251390549172
-3630.401639143642
-4807.9628364827295
-2784.0803541310775
-2886.990545469235
-1388.239897866297
-3080.903772812977
-2457.6750956397727
-1368.4096701495669
-3330.9184571093683
-3143.6937330075943
-2712.848981942852
-3751.0279630879713
-3207.9957652392036
-6808.360012909156
-2872.081261688271
-902.2597165375938
0.0
-3400.9087967723085
-4637.968931777211
-6586.264276752014
-2140.8174073681676
-7636.987263494697
-4401.173228824953
-1835.1090988305352
-1112.4684116286119
-49.92067995804271
-3165.118627268675
-2669.8450238591054
-1546.6567198363082
-3731.4834661716127
-3318.318959917454
-308.30630936173435
-57.599169972532536
-1548.5496942495054
-1175.8164879021074
0.0
-5389.934377406884
-4835.9286034062225
-5735.944584675965
-5930.066060456016
-25.73256252059428
-1362.5429738418097
-970.5108169258403
-3294.832881129852
0.0
-2902.7341155180343
-1977.6824020663803
-4857.1879871157535
-7356.871711957778
-1595.7111399731166
-2625.1938362508236
-1226.8935702855465
-1717.6216026438178
-1691.0395840638162
-1212.2302143168479
-2646.9993029152056
-3914.6862232701824
-1085.341696347184
-5186.599792893182
-1853.239311363448
-2497.8746432432
-1939.5507664080183
-6041.590061454176
-4937.493145389215
-1941.5314005611285
-4158.848173546334
-3424.930925687271
-3469.4868971278443
-9985.064888902705
-102.78340683491321
-2777.7202786703606
-1363.5359466621487
-2225.2733710404536
-61.5686026083483
-3650.5340662137446
-852.0659892687029
-4820.38278716494
-2317.8108077410093
-3012.739060622996
-3988.7216435803834
-2832.645620178438
-4324.744240132724
-1672.5048152865224
-3311.9228007247248
-3452.3780840546206
-3505.068942566438
-54.371584026873535
0.0
-3896.286377539948
-3546.124516065827
-2914.2362288070117
-3202.615608815866
-1757.7868461040464
-2565.2088277496728
-4768.015490339811
-5192.6654268118655
-9531.526865762857
-2296.0911940816623
-3723.3830376930146
-4064.3989575500036
-3177.6190102146925
-1462.240653947601
-1480.804351631971
-5135.208382155599
-1142.9587221503994
-767.5681910543888
-6977.723478906301
-3822.821686787198
-3881.0983633112364
-1342.3790605237634
-5779.575682333504
-2120.1712230537605
-1134.4484150022708
-869.6244371340691
-3531.4206648009913
-2061.5664716250826
-6491.912827628966
-2703.36866233501
-3778.576448110453
-2327.645736036109
-5292.812447147079
-1521.1679049796896
-4797.825944083428
-3765.511372968951
-3254.2619718068586
-4181.87084271647
-4098.656924030145
-1020.7619015783037
-1450.925166956876
-2491.4286194366623
-1032.6571364642998
-6908.658773330732
-5027.989897043053
-5024.447458502042
-726.99429832685
-2767.2050738191497
-3814.224824479952
-2446.1034176707694
-3235.1982713465145
-4660.446506789283
-4705.381374733295
-3123.853811513328
-4718.706764309399
0.0
-2150.9149751161817
-4418.945694078013
-4439.954497392962
-3463.6144178009836
-14606.026430438484
-2316.6161850681606
-11.196152599081351
0.0
-2123.5238545641027
-1744.2533118131364
-1132.9118615522314
-3406.4552211219952
-5075.36624554646
-2223.6413429108507
-4263.448800726862
-1207.2560332856096
-1664.232048373211
-8213.602911474978
-1336.2821138970164
-2801.701124717949
-4355.067079237059
-3843.9845622334838
-4087.851445035179
-2275.897338392826
-1831.9985444967158
-1612.881694213
-5237.066503834421
-2673.459586643775
-2393.260899652843
-1868.2706226356236
-878.9469938294257
-4271.097850116854
-5140.742016103736
-1628.9263917225844
-2746.6501358404507
-2371.0860076936124
-11346.748306105022
-4738.2767978693055
-5281.678496515812
-1626.4235827695857
-4747.159175888018
-2925.6407693115616
-4668.355666075475
-4222.219547730095
-1361.8135266540476
-583.1592230215783
-4563.413223995127
-3181.810860094343
-1511.5605497527808
-5490.337226467586
-2393.0209346275137
-1918.061967308387
-4104.604643805032
0.0
-2117.9728634347794
-1185.3826708829981
-5263.917145351037
-4449.45202313104
-4005.6094315884698
-2769.6514103213694
-2398.9043342597206
-5110.42007386135
-2331.552034153087
-37.35632533756128
-3172.252044260838
-3256.775846502533
-2942.079955058737
-2674.350491819657
-4342.269720133123
-5809.890095057758
-1131.6023862382724
-1985.317288421697
-3246.0408220070312
-901.6040446670311
-3472.25763223255
-4716.324915018246
-5016.318538991262
-2417.692594073259
-2034.423609982066
-561.7650913961364
-4029.2638411534012
-1685.2502927550647
-1627.7434039057332
-1741.5864854439271
-4239.112065772995
-3037.8617452498893
-3555.363097626777
-4461.03801440036
-1551.5808796425385
-2782.487054517179
0.0
-1190.4741079587295
-2642.3336881131067
-3691.6171869348236
-5823.143575688311
-2859.972387808858
-3164.092853131328
-4857.30644872131
-5024.357066570855
-2248.7338176898857
-4270.641081640653
-2484.769375011848
-5463.4913306165445
-3624.801764728086
-1836.8542494561568
-4271.524300426848
-3892.452011494724
-9485.814059837994
-2020.2538478866034
-4973.708379403191
-1787.134600913528
-5069.055808650527
-542.0203054841527
-6665.906609857973
-476.3711758014914
-2295.6999352261287
-1226.202774776053
-1976.8713999223169
-4695.559568724693
-3626.6244175912047
-3790.9245965777177
-1097.4814051896203
-541.9945008565184
-3424.562813897268
-4494.088232708506
-4698.85125819627
-2821.247528559903
-3177.3008477519584
-781.6978734951073
-1531.3183646305802
