-5446.6107499824175
-4252.973516973826
-4289.209893157437
-54.599253641706596
-3952.4339623742176
-4856.706753056308
-1445.3995658793817
-3737.4853295477574
-1980.598466928025
-12962.946295339736
-3646.2335600856804
-2124.2078650374906
-5255.946902489838
-3959.2242878307197
-277.67787650014947
-4706.2797759402465
-4077.6689281077834
-2803.437426251032
-3254.936936065027
-2626.223609355177
-2860.404571047816
-2479.3354924755017
-3916.4048444720743
-4331.062265797113
-1957.496839280654
-3107.053756873645
-2789.8372419070142
0.0
-2449.054714964865
-4296.7128423134645
-469.3815878433019
-1804.4977328596078
-2529.345638842735
-1124.8066291620967
-4592.679585465673
-2603.424719257249
-4221.073774813366
-3787.567741135613
-2975.487295233704
-67.77904488911352
-1475.6465152476362
-5302.923155597482
-69.15074517185948
-4170.1856131049535
-5532.240267941631
-7122.889045123904
-1449.6490243179837
-2427.703421547213
-3534.272366516263
-1640.8376491430083
-1108.95779443758
-3915.336044589781
-2108.7499813270083
-503.5076781193877
-2749.574721284155
-5829.830084858801
-4296.936457745667
-5197.289293685136
-911.1967205007064
-3509.8314982216766
-5527.870666733247
-4962.72900660037
-2488.1772805420273
-3283.2574890450956
-2285.7664289620125
-5867.3678347283985
-1512.1141245168762
-3251.8959682869695
-2513.076275031355
-1992.3310184762547
-2418.1029436041763
-4047.0130139228704
-3221.381049483726
-1125.680927405226
-4646.6700299527065
-6273.271762481471
-5392.9048944371425
-9671.746579098637
0.0
-61.477378380920065
-2347.37348740378
-1653.9041768552718
-1133.9266008172879
-3781.756113051824
-4821.225781907946
-5264.0395081218385
-4114.368935473772
0.0
-5585.4045210916565
-1242.9870053067152
-4375.846675037703
-1648.2880529799395
-5466.367878028233
-3459.8247039488583
-5211.240515077096
-3612.1967638136534
-7960.057125828852
-5126.581212632554
-3902.0956513849933
-2019.0546337609085
-4214.717958896949
-2483.7510415337642
-1521.8488685056568
-3977.668153934717
-624.1671551658739
-4228.101279632038
-8606.98034851486
-827.8978825615417
-2666.3546582512336
-4937.183592532369
-8345.167692279352
-2988.58577783577
-3344.040945929237
-4134.189963223619
-6898.990528884905
-66.99034692148032
-3803.9293636024004
-4372.874126777247
-5002.934703690848
-1381.5445679443098
-2152.3532232595585
-2119.7432159139453
-7.1952356689112476
-6519.538904091116
-742.0113576876821
-3107.5817944698642
-4645.9890138758565
-2574.784395849561
-3016.6152233869107
-1985.0178134604
-5778.25704426999
0.0
-4716.850241408072
-4130.1491302889
-2507.557098763636
-5167.683264780982
-3123.1895647228666
-1799.813998938328
-3918.0595657044855
-3488.706937441163
-941.6843141185557
-5025.828053388035
-3676.6527123073515
-3218.8915362314424
-1765.56318454545
-3547.5562026085945
-2874.384290492495
-3808.674006367808
-1777.3759263780014
-2778.1921710964966
-2608.9476419170096
-2578.677241723271
-2122.0524300606367
-3432.2634850097575
-3097.3712774129117
-942.0632740330507
-4910.88800472024
-4986.28006720272
-953.8395383119101
-1337.3506502896887
-3304.0744987375615
-5531.245664283555
-3260.489742588668
-3698.399081823958
-1992.3427462650172
-1094.6184641317745
-6002.526231139569
-475.2707239361858
-359.1960614789829
-2858.1021895092517
-4614.274205574961
-1544.8085280177672
-3636.567696241148
-2329.6216455830495
-9129.239915287266
-1838.4911422122802
-5483.0342974986015
-2723.3727108532235
-4607.5985374411575
-3759.927598330861
-1277.9961565182546
-2687.5631954954024
-3378.984933783702
-664.7601229415557
-4395.422007300229
-3279.0994854055175
-2170.9635063187134
-1343.9852903185317
-5200.638856775827
-5058.563745837087
-1452.7890384850539
-8328.369973806228
-3563.8115733870186
0.0
-4570.297166024633
-2130.8674356802403
-2123.9452197478195
-2159.83221640133
-3226.2799775979347
-3185.4516560615784
-10015.959704052639
-4247.34301420473
-4988.369414960484
-1487.9292544071086
-2832.325704675614
-1767.2906504348268
-1449.2075346348106
-1977.0690576366185
-5947.473757491217
0.0
-4916.175964064418
-2985.3472742325243
-1275.874645619188
-2495.060980363083
0.0
-1003.8402289651037
-3800.012745877753
-2850.419675392688
-446.0954695464031
-2907.5013217753713
-2021.1387484306892
-1637.7718233694998
-4833.671023148823
-2990.798297820483
-2803.562471283805
-4399.731367507024
-4188.895145960055
-2732.731570922181
-4420.622535225211
-874.6257000821327
-2767.9949646937853
-3240.2930437194213
-826.1250602563207
-2022.6803076175727
-3496.885194915521
-2481.555066727308
0.0
0.0
-5901.414218051688
-4274.1703410712025
-2792.2500211823985
-2621.3246393358295
-3017.566598925472
0.0
-1069.930284110847
-3537.0773945842147
-2928.505139398929
-3614.3415256896797
-4578.431290191551
-4532.182240067905
-5239.117445913409
-917.0215457230216
-4562.345520411271
-2564.4767496899885
-1193.7074242878691
-1636.1403843745238
-4209.518690081644
-1760.928633055744
-4222.820821742804
-7385.503017352782
-1501.0289607316943
-1655.3986830525967
-2928.289126940464
-1232.26135412339
-43.19702003025063
-311.28530329909523
-2813.8797375792087
-2874.5761900729995
-2119.8680612553526
-5536.069329447254
-689.0026009133707
-5263.646482473019
-5295.805340126305
-3831.9191321784615
-1772.2803799976198
-3144.471330976633
-4872.733957749229
-903.9751836381315
-2356.1991985503537
-53.59201036564113
-3622.163886298132
-3356.434995390989
-3836.108287805378
-4976.540118717769
-3847.9320279627746
-4999.930616773333
-4422.528368902062
-2325.7938986395734
-4983.737886696876
-1507.4903979660533
-1334.7594757182144
-3808.302694734845
-1865.4527946147316
-729.6301221039947
-2008.319434888257
-1031.590352524475
-2989.997247584731
-2024.2939106815688
-878.4314861408893
-1165.1527374968066
-278.68209199762777
-1268.9229233866201
-5157.431266943492
-68.98966419717704
-5379.615025738142
-2785.5895652549852
-6909.294710008078
-6456.200370039539
-8.153264970964864
-3805.3392550768926
-3181.0745550904126
-4663.164939136873
-8410.477517487338
-1619.6593102970455
-2558.368138406325
-1768.6624429205065
-4096.4603349601175
-4769.885876922956
0.0
-5736.766998047619
-4397.180194302584
-3412.4364633589416
-2791.869756644733
-3040.746345478021
-2523.3703937828805
-5360.168699905069
-3958.1881888406833
-2686.35265423864
-7.1952356689112476
-3627.162151766108
-3505.6358454671913
-842.1996774284762
-2716.9087243548975
-5571.938175415021
0.0
-2227.3636008475924
-2473.4945198988285
-4382.966328375829
-2592.506956128918
-4200.073733269638
-6342.048910691994
-2521.5009906014257
-3168.3014694389135
-583.1935068007533
-4134.576952041887
-1032.6380883959953
-5657.571285311076
-2725.1701451758363
-5536.439991307625
-2970.7945508978837
-1406.6970028486562
-3337.709520503833
-1570.1903671173684
-5171.260026340048
-7913.251553999211
-4194.035078292342
-709.2897257224294
-3126.99782639586
-3024.0054550717473
-1922.5819488395136
-2214.77552996173
-2437.2529605544146
-2443.7152664686546
-3687.4516465307443
-4088.1797836268493
-2641.780059452065
-5365.019806264032
-5186.305739978648
-5273.827095514007
-4848.25617570846
-2648.0337199380747
-5368.765756081296
-4090.9668727820795
-4847.083078474044
-3533.5117945294332
-1713.1457694120827
-889.6496215884766
-1117.2301823056678
-5433.992791345754
-1935.2165128376687
-1246.90840207227
-3408.295572511532
-2293.1044668897634
-4002.8184391372292
-1778.5898189544102
-3605.939310382606
-1950.3575571734013
-4125.182127821357
-10888.229606244277
-3788.3552563834546
0.0
-2861.9352626895197
-15348.40338019684
-5186.795624682133
-634.1076155092474
-50.47360106234886
-5163.193039886501
-5264.316340645218
-1945.409319802189
-2845.328063451543
-2771.613567091386
-5178.334499155084
-2514.508462597342
-2448.902337793889
-3769.1818695839947
-5655.24051383679
-2733.082678057779
-3021.987906826947
-2121.8659405711223
-1408.937341758943
-5808.914097274389
-2608.0167064472225
-4400.830449735142
-3079.2711047703733
-852.9896829113162
-2630.3045836436722
-3049.721652009734
-2174.8397202082406
-1299.327229666071
-3618.724360584025
-1081.3053176870017
-595.4190720042902
-3440.7835992652267
-3417.630830368493
-4267.1415194444335
-5744.579222949596
-3010.4542259322966
-2675.4513719677034
-3247.3221312867126
-6317.450741448972
-3314.8272702666786
-4664.162884797375
-3687.236478671413
-10689.392513835668
-8338.046453751813
-3571.440145582299
-2458.097921407659
-1030.7890923778682
-2402.670766288781
-3577.4347493165856
-1940.1857747223964
-695.6101351963435
-4064.95743351157
-2037.7773493350337
-4499.443908517276
-4693.658868826732
-5065.163098168477
-916.076528011145
-1327.5445023849684
-8855.886940412736
-807.7832889583733
-1847.5820266981982
-3791.5623120758783
-5186.680843123783
-2812.1117501114136
0.0
-1682.941833431935
-1033.0312000411636
-3143.4637005219547
-4866.4624205112295
-2736.7322365390855
-5569.183532122048
-4428.910795015684
-5738.837004063934
-2418.371041565578
-4270.982586067055
-4709.191913050166
-2747.896122665135
-5552.440289339013
-1323.8778086724863
-2419.0624098970743
-4798.390880684638
-3901.2821082702326
-5670.890981416627
-1223.0386174838566
-4150.627098960671
-1009.6493150360782
-3713.9390707803473
-4999.303128328588
-4340.939980198515
-5294.132398438539
-3781.4064801395198
-4284.435092401126
-4562.9220844981555
-2471.7030203175887
-5053.238322908022
-7650.902397411884
-4710.188827284181
-5775.063264919986
-4398.077399247852
-2621.707352944376
-2379.577333247498
-4329.5757995790145
-3959.820441867472
-4252.479994892126
-5039.207685342729
-2907.3255543057758
-3914.1939625519376
-6307.724652796498
-4790.589727357737
-5548.533752992821
-1847.637874139279
-3948.895195687951
-2453.5255565232214
-864.1634892331491
-2810.2410101179794
-7375.524088420618
-1429.8207571260718
-3184.0881206340846
-5723.773458700614
-1078.3266093337802
0.0
-2736.948508575727
-2002.009569364101
-739.6689863007856
-1760.9103120341308
-2305.880027173457
-6346.247651060509
-3594.985383923205
-1614.0897372169563
-4220.343967315932
-5079.304009036438
-2802.645530006222
-5042.4668368988305
-7950.5916956715955
-2094.2330965460774
-4081.8977130060757
-4093.17922346714
-4646.800371239039
-1114.861216690699
-3051.4582516081673
-2593.6527863736856
-3407.8014351105894
-5680.134487514945
-2567.744553306465
-1070.7511816922176
-1302.781507505835
-4234.277671503188
-3997.9535744138043
-5157.505210510819
-2653.4584893327105
-1430.5184021917132
-1471.969031955916
-1360.675768401963
-1487.4487501480476
-2141.518837773976
-1700.1771588129484
-2731.680899004483
-3724.5073208713125
-2916.3237519924805
-1092.7200751977327
-6435.25275982019
0.0
-2487.413616949364
-47.05106303201828
-1075.1453350317151
-3115.777681308213
-1790.4330987168075
-3889.9888644470407
-2845.7698018526157
-2327.7390378232844
-6821.696747481381
-1874.1481318951128
-7384.864465779176
0.0
-3399.622351510788
-7.9589096470710485
-57.41552277215659
-2236.546900492581
-3909.1224092479583
-2115.406208811366
-4966.346681000856
-2619.67812968869
-3152.6584425059405
-3612.902152951861
-2477.002715667953
-3715.9466106992822
-3572.0667511345996
-4171.667589561894
-3538.612142911843
-3454.1587884728083
-936.5408852920958
-5504.470814634753
-4497.223663750679
-5027.252988609054
-10588.22046079199
-97.16342332685221
-5620.459989863864
-2525.2870913277948
-3140.580562444574
-4919.370205646514
-3674.5001454110784
-3849.4638999987574
-3499.3195695780723
-6047.196952787019
-1098.1742930462258
-4354.182251831865
-4990.39726206226
-3622.2569086455255
-1546.9149135142684
-1685.2755368451742
-8481.476726300614
-7277.770808305496
-4404.80510819157
-3385.8884213271676
-2349.5803566387017
-4021.3961290115312
-4036.4679452625205
-1677.729056524743
-9235.801437552389
-1217.9065104000726
-6246.738900897937
-2993.978712200092
-5323.7105463792495
-5125.828823687945
-3015.545519532694
-3936.077752169128
-1511.2556008502875
-3672.0235895584588
-5187.133438785918
-4737.767194081735
0.0
-1936.8177743572219
-3009.8930213221
-1262.0109933831238
0.0
-1424.4261991536468
-3729.918205173932
-5558.708506645606
-4053.7892099401047
-4613.775660866342
-349.56332268442964
-1080.420065079832
-5575.371948852903
-2094.3031073617276
-18477.822294916197
-4987.201722145062
-1172.4721129312402
-5433.859783934995
-1119.3109428219234
-1023.873585850797
-1131.7013797571053
0.0
-1313.086844174639
-3829.06340126742
-3890.8177224304295
-2840.731883095471
-5740.256458417587
-684.964143752758
-4349.161985326064
-516.6772455250149
-1305.802124350009
-3636.181702966305
-4882.709117211064
-4874.684841883116
-5967.34103956069
-2503.1931724490737
-2829.9639298652596
-1441.473624677741
-4550.726827934743
-59.09450078364253
-3475.6159217371574
-1775.7862381595946
-5578.834379432414
-3315.5012641329467
-11232.451402032937
-5841.13396555903
-4278.137609945964
-5991.724296830438
-5360.861739816688
-3041.0866127370145
-1169.5007996205748
-1426.6135220886124
-5942.022450002188
0.0
-5310.384678476126
-4250.295428480747
-3612.1852034191784
-3606.090210983667
-1550.021504352406
-2735.6733290943394
-2747.5802799987473
-3882.4158072678733
-4300.002030004142
-4317.900495718425
-3533.5453810147646
-881.7090548354786
-5948.607022336174
-47.974544957208664
-8629.454956328194
-2023.6418218443907
-1881.3543430613076
-2449.19240050121
-26.26658295509723
-5905.804173181628
-2200.0493603397026
-2812.4580258874853
-5159.658996801449
-3286.2885594330896
-4722.846346113958
-3059.269768983113
-7365.247438288131
-1542.9264517121394
-3041.5375542054903
-1287.6508952798697
-2333.3696762460736
-2873.5106248720144
-248.8456456174854
-2735.1770845541128
-5468.185003929461
-3009.956736061152
-4076.772730924282
-5807.139588765536
-4554.691550910029
-3575.7829500887833
-5985.079428748366
0.0
-748.7736376320034
-3595.8661749910634
-4865.050700389422
-47.16236292218268
-2634.261857692865
-1322.0385205255595
-733.3160145011697
-3994.457016580042
-5488.390287821282
-2323.4733257691805
-55.08525528228924
-4598.7478447962185
-3108.7129660923447
-1978.875617848388
-3880.0518070961443
-2694.7167267749332
-4805.053350066532
0.0
-4779.245545736473
-3932.3582260191374
0.0
-63.704021027285705
0.0
-8118.068128507872
-1911.92474647143
-4623.6239412267905
-4514.090450782565
-4848.067551854172
-1356.8589385134899
-3626.840042864753
-1837.561664800709
-3392.371811886205
-4825.193272352572
-4103.619115107234
-4099.32786224435
-2597.828578675757
-2313.3823852086193
-2596.2725942450843
-5403.630079834148
-1751.166191988716
-3770.86117899133
-4134.0238709287105
-2455.873535105917
-4260.687752558031
0.0
-4984.7154007788895
-2170.2335623177214
-3998.899890904424
-1343.1630414358035
-5089.511263525023
-2508.8150139357735
-1328.1967242652
-2796.3142786028634
-5728.172864337167
-2970.640681265508
-4408.4751878118495
-5131.952589869715
-4741.173869284411
-5606.0223945537155
-2896.687357559164
-4906.132814767728
-1860.5454754616171
-2195.3072933018484
-4193.363449520384
-1471.050404197194
-2258.453636657539
-607.450895865806
-29.732226654113006
-3820.6919995124877
-4238.246109480707
-1150.1309744184427
-3001.8013412350365
-3202.3411282249685
-1835.5747153644522
-5944.802902093144
-5836.039080352302
-1024.563270343643
-4437.579259802387
-3971.364724079473
-4721.6675595738925
-2056.299933650075
-3837.7634745304217
-2864.0182413951516
-1536.5297015397687
-2090.016099500422
-2454.4492283887566
-1123.2476005333451
-3466.8858193102456
-1884.5338510602412
-1145.5695923531368
-2434.989815011014
-2379.9679943659235
-2608.885245622049
-3820.6798334493183
-5544.803662684879
-1956.7929635597088
-7271.830126477234
-5951.750737577716
-1111.7870791665414
-2949.4598334969264
-959.3731810915133
-786.9171690223856
-3624.0965794740837
-5596.807518538958
-996.0005036304414
-6107.981711832655
-2832.789512592495
-352.02060683114536
-595.7092512803338
-3733.6546564398436
-1036.6270745330528
-936.6531953805688
-3166.277763656356
-33031.9333819427
-3254.062859798211
-4549.689554674638
-2469.638278016508
-1327.417141469647
-4614.577419501297
0.0
-2714.6051126978505
-2165.1381686309132
-997.7667855457437
-2600.4672869781825
-8882.367179327533
-3913.5433631324404
-5107.659427485749
-2711.934920812486
-2927.2229046093007
-1401.9046324573699
-3116.772303407658
-2579.6527074630617
-1379.2467817777074
-3643.8816650739104
-3127.3261595017234
-2726.678868313707
-3843.6678307664292
-3250.763926311049
-7056.656998134196
-2753.4527793924444
-911.1486555036662
0.0
-3474.7205138206605
-4684.3127424373315
-6601.244035820094
-2188.964958503557
-7681.819080755805
-4612.668788690282
-1839.0334738590643
-1119.9118605995625
-50.023001618710005
-3192.651550676416
-2756.629319724548
-1560.487906698171
-3803.8903813818874
-3284.4862043015796
-312.93843379146614
-57.16154166894664
-1553.741392016662
-1187.2215898439129
0.0
-5430.72727895143
-4868.557334047759
-6000.674784717971
-6112.8389574624525
-26.467030293644378
-1354.2114237083272
-979.8943174363649
-3312.4278121818943
0.0
-2885.6956235017547
-1977.3699779756994
-4979.988318042467
-7466.98869612619
-1621.9477754998209
-2642.818505876923
-1241.8746598917323
-1766.7415212575766
-1714.0225370330795
-1224.654407686818
-2709.2489589421743
-4032.908029485947
-1094.8225986506145
-5193.418494078936
-1865.298278848921
-2448.1793469001673
-1958.5478932958135
-6094.401958022376
-5041.658228327424
-1942.0338426073338
-4278.610174689604
-3447.6256409109014
-3473.153612658289
-10082.137920860825
-102.48926431273189
-2793.135381682462
-1389.17952109228
-2178.0791219810126
-61.74716131312755
-3665.9268800202494
-853.9400760198058
-4821.682114232285
-2256.564422791519
-3018.3764116956454
-3915.20378074363
-2879.5869208760314
-4350.478752942202
-1667.5701619223366
-3336.371716135032
-3693.8388762424624
-3521.593110828429
-55.31473175016307
0.0
-3947.273313499143
-3856.4994451829048
-2862.4887455533217
-3191.846931403329
-1823.531174109984
-2600.8253145634926
-4798.751805714582
-5188.8051357810655
-9677.866537410198
-2266.659619180765
-3803.5723036353143
-4241.311019544371
-3162.3398442925004
-1462.9753116086822
-1491.6207952871196
-5380.121427687778
-1158.1172441683373
-770.4451329334439
-7124.589962946113
-3888.607542996737
-4066.812636651321
-1353.4659520330563
-5980.165740864113
-2137.8360554385335
-1154.8483465310119
-875.9391522171093
-3557.2319332416564
-2013.4388846721693
-6478.2943535234535
-2823.344989144456
-4048.432349428893
-2284.3624783703854
-5354.241334222599
-1533.6952900913989
-4853.130693924705
-3818.876860776153
-3309.665808784009
-4216.138101966589
-4146.146326716752
-1031.2946861689907
-1523.2423973754812
-2380.3146982554463
-1051.982168911347
-6946.55433023198
-5263.529798951081
-5136.165864927483
-731.2920052404721
-2775.0983629076154
-3886.185650978927
-2459.1869040228603
-3274.539440622246
-4671.792726240031
-4991.348454860546
-3118.2782350557477
-4720.734018315735
0.0
-2155.7886009229856
-4485.3222670906
-4457.831442295607
-3576.2499706075128
-14679.615983340487
-2380.4667568854793
-11.611078498123913
0.0
-2047.1200543212012
-1766.9362021488905
-1142.272383640753
-3437.6147633670603
-5179.360614866981
-2249.580420040292
-4517.142019434982
-1213.7018212129558
-1665.812293404286
-8197.327516089957
-1394.2141660154032
-2683.9943683928655
-4403.055406779593
-4087.6261702301504
-4149.502547108787
-2317.930663723224
-1837.5292359057457
-1616.272763527308
-5393.578088384164
-2690.952518015462
-2364.7673544701534
-1905.3211265982984
-888.009286786944
-4366.669019883611
-5491.542629728568
-1704.718511618568
-2801.763876994349
-2472.422568188837
-11395.233273185437
-4785.940796660547
-5431.476335265296
-1630.7866423269234
-4810.930662180498
-2925.148409114491
-4725.885561316805
-4317.758440259476
-1381.8258058109566
-590.9292001002866
-4541.2989968964075
-3190.856960061845
-1533.7842881896943
-5883.824204661425
-2410.889612256718
-1995.511882742025
-4228.220614718574
0.0
-2138.8045814478896
-1207.1353414155742
-5312.529400951162
-4517.150753965584
-4155.624293610504
-2678.545375630188
-2446.5317700592236
-5154.138189406005
-2393.204477842868
-37.60990458365031
-3110.345653390793
-3290.1428080053856
-3001.2454649446586
-2614.8023164288566
-4343.704762922078
-5943.884655678628
-1131.0997498822205
-2022.3922120734317
-3499.30062184849
-910.4359909374579
-3614.9805570017566
-4794.078208118607
-4996.441368271079
-2555.976860270782
-2092.3443663132584
-559.6799314008784
-4137.70104781449
-1703.8087043577484
-1639.024497314666
-1807.3606314124506
-4323.306612508997
-3050.69700469925
-3670.9712287313405
-4703.629086313119
-1522.664607221953
-2838.572569662297
0.0
-1206.180415043175
-2689.4122298415996
-3810.2609449111583
-6014.252488046408
-2848.1761146364584
-3191.506361922847
-4882.977192031363
-5224.641480386581
-2263.209943371319
-4426.158212068858
-2527.3523845315776
-5568.201218991805
-3678.8007774436064
-1823.8222664119523
-4341.365483066011
-3906.421056448341
-9515.42880764551
-2039.5532645331398
-5024.5348259308175
-1792.57522320305
-5185.916721788208
-535.7196059518411
-6854.128048001132
-488.7375780284982
-2312.6105313805756
-1178.2301938929927
-1980.6796618734
-4751.459132709728
-3842.244803925076
-4082.6463613492524
-1114.6170220931392
-556.3085324559804
-3721.3453221252
-4603.585272595536
-4690.522432841467
-2864.9614994638805
-3193.1788144154502
-797.6004211831759
-1536.68706157013
