-5232.08733552605
-4168.600192250242
-4177.750801728583
-53.942903293520914
-3943.167111743668
-4410.403567543868
-1372.8005570347989
-3532.920434111127
-1961.5503755831558
-12689.582493357972
-3596.5539434370926
-1969.8481101281761
-5057.5535186236275
-3841.130297125592
-255.90256234055832
-4565.097238249996
-3588.349929893064
-2686.9403052304174
-3167.525354051158
-2535.3455570871006
-2701.966668955505
-2332.2761176460735
-3825.9367761653334
-4136.722987108035
-1865.284265591355
-3041.8826451885793
-2770.689284852212
0.0
-2362.6009361987917
-3864.3541580679585
-428.9827728521364
-1740.1223566626531
-2457.1086853677925
-1071.1634634754957
-4364.647285444794
-2528.8755406394807
-4099.197136873393
-3728.85441295899
-2807.644399404003
-69.61041652797823
-1376.6223037134903
-5159.648673734134
-65.13248351033752
-4106.629451073162
-5087.878253782772
-6827.12910140763
-1361.8501933076873
-2377.001758352443
-3366.5724106614302
-1580.0631346300959
-1030.0279810662878
-3426.6311972456365
-1923.3413881131635
-456.5569650946041
-2684.46324162267
-5327.553798188274
-4136.8915257253
-4997.007075422989
-859.8247966457914
-3319.4297390989327
-5149.6034241502075
-4925.771869382822
-2326.6186612464635
-3141.501971401414
-2126.291675136685
-5671.094450599794
-1476.9135570426438
-3091.6824010248724
-2305.364173071653
-1902.491115128192
-2213.61023645201
-3959.2709402542305
-2731.2053738463164
-1034.578801679414
-4469.014010462617
-6112.989096068523
-5197.960901440531
-9474.584866350471
0.0
-60.48159319357967
-2249.805646824217
-1649.7359021783116
-1061.60388203324
-3750.0336806457913
-4299.880907980572
-5145.931377858569
-4095.398373310891
0.0
-5491.802403986395
-1169.8961869823918
-4325.628241535437
-1601.0786170852007
-5286.659227628826
-3354.0243997351604
-5038.04440041698
-3125.337796216029
-7721.224480765464
-4756.456987366593
-3839.567591079445
-1912.5496491910978
-4188.688128890806
-2293.2787425704555
-1486.771173062491
-3857.664330726885
-592.2136133794406
-3813.407657027267
-8611.928491256838
-776.3745684741173
-2555.763842037628
-4740.055145011616
-8284.794146638795
-2997.108572842715
-3268.4890223593497
-3777.2102683523112
-6594.676699107376
-67.02084646132042
-3696.160656567672
-3942.1576067036094
-4790.496835398823
-1297.3662328137407
-2085.8483058910865
-2006.0911702759786
-7.048552547205965
-6388.774448551286
-659.1953680085206
-3070.313647232672
-4196.450481771517
-2447.420787976169
-2871.807294409648
-1819.7915246096868
-5691.862740749231
0.0
-4511.593404756051
-3655.755530296267
-2256.429502748321
-4925.306336962887
-2977.180603162803
-1744.6876804977146
-3702.58827757898
-3359.4640957959996
-907.5809574523599
-4749.31396744599
-3626.605224886173
-2987.579897758212
-1664.418544948577
-3281.380011634102
-2842.148966526623
-3326.6532676288793
-1708.9817921021584
-2634.2191796057964
-2490.04763065008
-2537.3356736424093
-2031.9148039868578
-3140.818497739104
-2958.114803155545
-928.4758005371533
-4724.726088473648
-4888.918693394195
-892.0049911772488
-1273.5473061522928
-3254.0411977883905
-5320.092626234717
-3209.0759218473995
-3491.1931084130206
-1959.4563389093344
-1036.9337849975393
-5726.052896072068
-418.8840219970031
-358.96975937036365
-2805.685997742792
-4467.413338455334
-1533.6714490440634
-3251.531266227623
-2280.922648664202
-9094.89315628169
-1710.6041162065815
-5096.800658005099
-2679.260047072643
-4500.953326183017
-3666.519622086604
-1229.9540076653416
-2517.1755186897203
-3164.854605489642
-654.9491130987523
-4202.59110774429
-3148.7662187888814
-2049.089725154341
-1281.051960090775
-5155.671683403843
-5048.26310778966
-1338.2965154307253
-8136.348568802251
-3393.069738741839
0.0
-4476.0086237591
-2067.9277321689647
-2025.4648621970052
-2057.2123394690493
-3174.6943543396237
-3065.6682785151256
-9393.679318257555
-4208.565370532913
-4878.622533961572
-1460.8488726599794
-2616.658439981385
-1736.8678250266858
-1360.4305761603975
-1906.6723832768373
-5779.284224144521
0.0
-4686.317760681879
-2869.226965801781
-1223.7747123485651
-2463.3895388930073
0.0
-957.599416401682
-3645.45723133285
-2720.579890368258
-450.6184008154349
-2826.3324666787694
-1915.2070584200983
-1551.7202869263674
-4579.21117435731
-2839.2594195374413
-2705.2708971320435
-4197.009743639016
-4125.408776785061
-2494.030814485247
-4013.905405070714
-842.8824057833594
-2643.837700368955
-3117.021611313333
-755.7946729620995
-1989.9671423249986
-3304.9483681368984
-2262.668544352274
0.0
0.0
-5568.763772573033
-4227.580409350623
-2680.2922682341386
-2505.813251304322
-2877.826355454787
0.0
-996.7006852124493
-3431.9315968373517
-2741.453035387041
-3394.5297955248466
-4467.931309947466
-4534.395466131573
-4824.024570026945
-822.2452504694411
-4238.343576061125
-2532.160584078956
-1163.69262919409
-1579.4019725977166
-3894.34131905271
-1705.3213743311062
-4012.646192024569
-7309.460490914742
-1492.7876814065128
-1620.0044509953118
-2782.09674398364
-1168.9600739903256
-41.93683233985541
-283.6033758070908
-2730.6240650299055
-2794.365767737986
-2077.2558963470747
-5347.072117985435
-660.8208216323337
-5102.57318658594
-5055.851632292315
-3655.1990596124047
-1668.755363792968
-3042.304518661762
-4619.317549160305
-879.7004975898752
-2207.958027065228
-52.481124339994274
-3427.5198640378717
-3268.797708934734
-3780.7720073244095
-4748.741903209359
-3765.34094197211
-4798.236606224771
-4346.08107119624
-2244.1360223067913
-4851.65423586762
-1441.9503792285464
-1305.4500000603036
-3750.3688832763974
-1836.2899555227712
-720.9771277254989
-1859.0164335570796
-1023.938070304763
-2935.105778357539
-1919.6129969786941
-871.8081656689758
-1151.1151243869558
-256.05845112106005
-1232.8821439761593
-4991.4137553816145
-68.35128295010131
-5097.2953090263845
-2667.8577397767644
-6471.549296999361
-6330.358550905
-7.744195160934168
-3697.9297821933496
-3139.228516447587
-4429.168734863366
-8251.756514695662
-1585.4984550839167
-2457.903366819739
-1646.6655323952696
-4047.8625557537734
-4418.259509690898
0.0
-5496.77874960144
-3927.6892204046917
-3300.729207531424
-2706.563160419397
-2865.972004986399
-2410.713547123732
-5103.469845567369
-3485.091648945472
-2619.4449095695345
-7.048552547205965
-3464.79249965407
-3307.15367463075
-793.0958705360536
-2475.101551658773
-5332.569650658839
0.0
-2042.9064538702492
-2304.466003919122
-4167.1284828193275
-2567.501307075534
-3988.7394178317986
-6151.767717282294
-2478.000018822898
-2963.7588614517686
-500.01903413847685
-3706.6714033687804
-1000.0043169396613
-5305.581905026625
-2524.7254372218376
-5088.201610461448
-2823.8184240615396
-1335.6357240657874
-3259.5389525434935
-1524.1180726148336
-4980.09339394531
-7595.004370966452
-4015.7312740851903
-683.4368828938266
-2963.649032262413
-2958.904426546524
-1840.9132396995121
-2109.5239908921612
-2252.3093531069176
-2342.213015224107
-3559.615017047046
-4027.3756181272706
-2437.4740909146853
-5266.85383901889
-4982.013217641963
-5004.824023417601
-4749.986971931392
-2463.579621893855
-5139.36729614726
-4034.171524718265
-4499.986465652103
-3486.9472902689763
-1606.8556078519475
-835.4841057186022
-1090.323404211743
-5405.222300480475
-1907.918572967852
-1143.3133013045071
-3334.4113749223434
-2134.0341287534516
-3505.9997946688422
-1706.5789169437
-3536.4524606708087
-1905.957891970136
-3892.991389572563
-10657.432646041207
-3697.850544913893
0.0
-2699.9384985205675
-14890.814403103777
-5004.6678276396815
-626.0487314438593
-50.403371658130496
-4799.018366928596
-4780.212983586041
-1895.7826873900517
-2675.824526861814
-2693.181507947176
-4768.151632130931
-2290.661267781738
-2339.5801223985186
-3593.241878023676
-5062.974060282158
-2591.637944698415
-2976.955682347048
-1958.5433398166947
-1382.505369497544
-5411.583764526676
-2420.8256394420832
-4247.570917157424
-2921.510297367505
-832.9615970965508
-2528.232679985586
-2920.6585601396328
-2049.176267472509
-1260.8301704986802
-3520.718285653795
-984.6054710381333
-560.7223151117247
-3298.6229239008853
-3138.6788504037168
-3788.608629221638
-5344.903089324531
-2884.649534873485
-2556.9349924485123
-3142.1702288662805
-6136.347742094503
-3229.669873670977
-4606.765009988938
-3506.6142731761097
-10066.974230872185
-8268.943911182581
-3540.8589416640752
-2362.6511366522163
-1015.9515023222518
-2364.1529665360235
-3106.3412209349344
-1872.7993583163782
-653.8412077467032
-3568.8025127165038
-2001.9223324238212
-4436.478241613178
-4604.998700828121
-4891.472013620803
-878.5117414549017
-1247.9438792144986
-8499.008814766776
-789.2826491511424
-1807.422052591327
-3334.766715601973
-5070.458237536898
-2749.4669411485997
0.0
-1590.668791699358
-1024.0524823551957
-2942.508533636542
-4373.660822688499
-2648.975706825394
-5159.1181544466035
-4347.656937213306
-5568.841379831359
-2384.4633047700218
-4094.7813477464438
-4482.098175030054
-2644.8956564906275
-5497.79238904705
-1265.0072522377395
-2370.4487867042485
-4580.859336218783
-3798.299887357477
-5482.6517339964
-1195.0566277544567
-4066.24601415263
-992.3162332558836
-3606.1490726181273
-4826.213196255412
-3920.6917181875906
-4864.718473107712
-3586.1302602476144
-3853.5519459631737
-4104.283595830742
-2298.0764732165653
-4861.179453534333
-7674.475972440484
-4518.674636525657
-5371.609535055311
-4356.602047770653
-2554.0402431497228
-2238.262807877032
-4295.109652208164
-3851.350998815556
-4074.688478923294
-4980.374385110808
-2841.156144961849
-3700.0958301889805
-5824.401852070692
-4720.718147832247
-5036.083876243051
-1838.728799149854
-3713.387404761731
-2345.394808720421
-806.7348972195531
-2657.7275900218237
-6937.064019450308
-1355.4353026049816
-2963.5281971182353
-5557.49580951044
-1015.4026442083593
0.0
-2526.0687954624686
-1927.7433911086248
-700.6655591073626
-1675.0811377049477
-2122.49482432105
-5893.7214922968615
-3510.7202498973966
-1612.888153140144
-4194.634182225394
-4638.738623872592
-2705.7232493609004
-4962.011062349542
-7775.057794648155
-1959.627409181308
-4059.179107456689
-3684.070950983126
-4515.94063695826
-1018.4347517261497
-2817.489211683894
-2341.8555491093366
-3320.3532270845853
-5449.81085566196
-2485.96351722286
-1042.3587833158922
-1181.0012165975977
-3793.2589148123607
-3810.8240662388566
-4912.424812549585
-2636.7962568320486
-1341.7983898665432
-1390.23197015504
-1336.409528053445
-1389.259915022663
-2059.177580236797
-1636.0005649484153
-2531.3044773360507
-3262.310716679785
-2823.752027627693
-1016.6924623179136
-6344.410950182857
0.0
-2363.5774465172262
-46.63774561105639
-1024.0013194504816
-2937.6258214454306
-1729.0226175192192
-3669.7331333054917
-2822.3749650069876
-2173.08882916711
-6733.977726793447
-1727.7658547525825
-7302.9301938173785
0.0
-3281.5592235580957
-8.283538089404363
-56.2273165865914
-2129.2088407936108
-3787.218602907291
-1983.0404568708254
-4806.226372393793
-2571.07875551393
-3022.5136992972994
-3399.2829109070044
-2310.105247249346
-3684.695562449901
-3457.977188532042
-3953.8212745604933
-3325.6473083790343
-3372.71937989746
-891.335643939491
-5095.018442150888
-4340.959155695953
-4816.205637649588
-10314.420362993033
-94.47634839165256
-5412.102171683956
-2422.967257447493
-3060.550074508702
-4579.869198199895
-3517.991385926937
-3754.8758898247625
-3313.915396581795
-5846.703573653651
-960.7571464301053
-4303.935893195101
-4741.367583882008
-3511.2143317852256
-1408.7889399692326
-1695.5056796250774
-8371.114226427031
-6946.602106987526
-4205.8433666233705
-3246.1104828268
-2303.528981534142
-3972.3711842015373
-3915.9519830524846
-1588.8529873220673
-9008.691757369637
-1131.517438928038
-5826.599533920174
-2925.0804583794397
-5032.182109109059
-4921.243523835492
-2910.2844432156326
-3540.1844940612496
-1487.7104781628718
-3188.141145750586
-4720.928885246758
-4312.862193525497
0.0
-1825.9920823917944
-2844.426942579677
-1245.1051683879073
0.0
-1359.6573954704238
-3565.4009646866934
-5265.411944439013
-3853.012568393632
-4430.219787623632
-349.9701455702084
-1042.0990480225507
-5048.85861527191
-1946.833561538941
-17806.26091394119
-4789.780937710708
-1136.3344157098365
-5130.038088175583
-1105.8540292596747
-997.3146902604716
-1070.3610633781423
0.0
-1159.749830891943
-3739.1723378127676
-3658.850980920564
-2739.810970058212
-5692.536889490001
-659.2919438640118
-4258.283410029091
-502.4731990684103
-1181.7138881074102
-3536.830325462036
-4658.615650740184
-4639.509164646273
-5813.783692432668
-2353.312197667449
-2659.240347898981
-1400.8900820287834
-4477.671836211368
-56.51887797027849
-3381.222308664933
-1661.9636564040602
-5337.543017014521
-3233.9862961441568
-11046.751715172146
-5752.820476591126
-4059.4542223854114
-5825.641748962952
-5071.083649661784
-2988.120561752364
-1117.5578863755286
-1399.4475079534743
-5543.995479593864
0.0
-4889.96088229497
-3847.192272501999
-3432.1555221038134
-3157.907259367749
-1500.0987055326564
-2664.547787063195
-2556.9784579195875
-3695.765723573692
-4089.9443153240345
-4118.060718447448
-3397.010850378264
-883.6422090683076
-5508.386609936459
-49.0876747666632
-8391.98924229642
-1910.7479794703713
-1819.8871450613535
-2304.2414041421835
-26.60589679221028
-5611.26056149174
-2150.716530735806
-2739.045117133075
-4951.396222457181
-3219.9663349359607
-4557.323898296224
-2981.5375941124535
-7339.256544704639
-1430.2350937229019
-2977.1032083587033
-1172.2737622166587
-2293.336128201916
-2783.8735926331124
-228.73597329822394
-2687.6783629164393
-5243.854424613713
-2963.6913787811413
-3944.3227845631054
-5572.824136448417
-4338.328632280581
-3432.8321692666404
-5687.129702141971
0.0
-705.88139939123
-3353.544338641024
-4487.946810768435
-41.70746191167106
-2512.010421797359
-1269.0434015003802
-685.1113674388181
-3948.2670076313043
-5447.750635194029
-2194.2350121055156
-55.107487431431714
-4368.172764372531
-3033.8978398791064
-1830.343783871527
-3754.865403638174
-2666.652104570448
-4558.627432923762
0.0
-4802.715647635683
-3813.8613576836215
0.0
-61.87726088737051
0.0
-7712.411238317932
-1882.95439410837
-4202.410583828402
-4339.159447221265
-4651.40740305437
-1278.8770548143764
-3581.7767187956356
-1785.4794444672198
-3235.1779529496457
-4338.148557226991
-3904.7589038548526
-3944.925532141818
-2537.8577634511885
-2287.7777032872573
-2447.3370864934077
-5179.186523105387
-1674.6355424910853
-3715.400235896858
-3943.6185772432414
-2401.9374770755917
-4045.1911107762153
0.0
-4741.744016713637
-2074.383450024588
-3906.6410527811586
-1252.9721477468797
-5028.627603992021
-2437.8977557706203
-1261.0274903889483
-2590.8888160504102
-5491.249567543397
-2914.720466191142
-4171.42426442727
-4982.858872182217
-4503.451828220122
-5473.652775171625
-2752.6440915204535
-4593.371423732374
-1828.728549361602
-2160.465027556669
-4038.64038958917
-1447.926178628594
-2138.4082563902693
-574.8765377983053
-27.846698785401426
-3743.794765190226
-4133.659071981103
-1094.7009442827375
-2899.0716394262317
-3070.364111410504
-1744.8041112716298
-5820.052254320602
-5648.136174673447
-897.5982602382329
-4051.528406070934
-3796.2190475764082
-4648.14493825531
-1990.3100232606002
-3715.6381123512388
-2801.6922725820264
-1416.7872832567846
-2010.0578886912908
-2243.190305763889
-1049.0743011287323
-3429.4376440422216
-1813.13505152155
-1101.0811453384676
-2376.6639783109094
-2329.523180322512
-2523.8112122932826
-3790.321869764876
-5299.48013016227
-1860.450170090115
-7051.789970793474
-5750.939697533285
-1060.7271228323334
-2714.9312050745734
-922.4085980490548
-750.1495436350846
-3462.1023550402224
-5319.783366563744
-954.0699138399436
-5697.350083066954
-2800.9885852511125
-335.1142385306134
-588.5193737402095
-3534.8353601330873
-991.1689245034595
-902.4043302347316
-2976.113016842512
-32078.984443610258
-3102.602231437187
-4386.049581093291
-2346.962681897391
-1307.3075383893558
-4406.844519475425
0.0
-2591.143790786798
-2021.0781363565272
-931.7072408695894
-2426.276561708433
-8720.452613460438
-3482.119543731214
-4644.3550030612305
-2655.4501454759047
-2749.5060727986993
-1333.8789857978454
-3018.264197293758
-2406.7614896587006
-1357.262044579378
-3146.9953798065326
-3089.963539730017
-2687.2891721893434
-3751.9783321330483
-3143.3342406964193
-6743.096145849339
-2658.932851270035
-818.8063799104508
0.0
-3277.018704855593
-4574.198423632362
-6465.800954725329
-2085.3469334876804
-7334.1564274481025
-4172.480566551227
-1797.289971369892
-1047.159497592609
-50.00977916053946
-3151.0599561087424
-2611.3689341682284
-1482.1948685762243
-3562.8762445057278
-3266.4152008065357
-291.00431585528156
-57.962638229081726
-1528.2892930100795
-1149.5496604856319
0.0
-5203.784650141995
-4783.401117405891
-5533.878772640544
-5739.34456459793
-23.558337761968072
-1345.0036108856004
-960.0294671826773
-3218.6265367402734
0.0
-2730.5831993519187
-1955.7758477398118
-4675.983317714541
-7322.685702945912
-1538.3690541945894
-2433.3898201136135
-1155.809416765616
-1609.4576355413976
-1612.489452852085
-1208.87185427175
-2610.382223559715
-3784.4949012071415
-1038.1761549079206
-5082.375073239755
-1833.1373951986925
-2394.3498309726256
-1866.676607850876
-5860.4392478026675
-4776.954390124639
-1868.41185423996
-4069.8142638703066
-3355.943942244095
-3435.649820110416
-9950.403917650796
-97.51411895212684
-2734.6111304079354
-1303.8883381006974
-2059.511791423019
-61.102063598552625
-3603.059291716843
-814.3252849437121
-4652.637580155389
-2113.9598253747317
-2773.373444416248
-3873.2782491588314
-2784.4901465042567
-4117.93821871196
-1623.1068967187157
-3242.1282469472676
-3283.5436113541073
-3496.133383480937
-55.21097959863269
0.0
-3891.8706871574914
-3386.657285001853
-2690.131204468106
-3164.5934114864817
-1701.9248713632485
-2556.2030726907265
-4591.917989450465
-5003.933700333166
-9363.972175263316
-2091.289447011878
-3562.125866663009
-3812.55840506517
-2955.079731246802
-1417.906146777131
-1489.842573995945
-4954.208394982701
-1069.823359735253
-754.0596973085183
-7001.2974268099515
-3637.665671955557
-3813.57762465181
-1311.5601127918974
-5679.10380118012
-2079.7179684991565
-1084.0387609565914
-848.74662709389
-3336.989052258862
-1841.304496492843
-6389.687062346024
-2630.9734860717913
-3653.538120822016
-2118.598846517001
-5117.629953487757
-1460.532136160826
-4686.909651860387
-3627.630692865175
-3203.8873106700485
-4057.070897080658
-4019.9625874607914
-951.2790297296056
-1385.9860826795477
-2288.1017641703293
-1041.0017986529392
-6680.586296774332
-4817.690029641479
-4983.009635744802
-720.3213350236118
-2773.888717736491
-3699.0540414280154
-2444.3814142142573
-3221.386227007772
-4619.952385513884
-4517.87376608531
-2922.9112118668577
-4541.382617348449
0.0
-2121.7912450868193
-4429.39697916395
-4261.06761406534
-3532.129764767258
-14378.099566607541
-2205.7345207052476
-11.27709878145869
0.0
-1923.6549378219604
-1733.7964675960145
-1088.485772443937
-3366.4315505747004
-4963.154924371068
-2182.561028622084
-4129.575930146139
-1222.9642611995312
-1634.4484480688286
-7811.211041505238
-1347.1709764270536
-2643.412319361307
-4284.396974136227
-3695.556833430787
-4058.0189675923207
-2249.5083443928515
-1802.8647341105227
-1479.2204723024422
-5208.4171386380585
-2639.212054268676
-2204.894415621937
-1796.215309453521
-836.2988109057903
-4185.527648663625
-5012.556912162652
-1579.065709887545
-2678.1981539727653
-2342.441908896445
-11200.345201881066
-4559.500942700802
-5375.450400412378
-1624.8244239532407
-4561.877732247862
-2882.02919329974
-4633.265934408108
-4209.133844890212
-1290.1244575815565
-571.3197674868534
-4442.6865883334585
-3161.85884384433
-1426.0410506442265
-5378.879387810456
-2354.3489442278537
-1898.9175400777094
-4056.8092904864375
0.0
-2103.6044277145866
-1129.600784097908
-5034.110817447107
-4401.277955640306
-3914.319095448352
-2653.7111763745756
-2356.141449848173
-4967.525285832041
-2209.7040361673753
-36.6300148289086
-3027.368174254969
-3201.5743408342196
-2792.223524500859
-2540.504653272904
-4167.483013031833
-5719.824090155897
-1082.177190204884
-1868.3765012042256
-3074.4458187168934
-877.7678910958232
-3352.5654030495934
-4623.126040924525
-4972.198619689509
-2354.751689272341
-1920.3614547860266
-537.4234442616398
-3914.7069662874624
-1650.9014444554205
-1534.7713108669623
-1720.705822981423
-4223.459706627111
-2985.5020899958345
-3496.977870253431
-4286.094130940325
-1516.3877510797888
-2671.0646694024085
0.0
-1134.2055419750068
-2512.7416035194105
-3644.706157599956
-5819.980640563449
-2746.930589191286
-3048.3521120180853
-4674.277387581416
-4800.971492583224
-2209.1876598529534
-4203.4046338480985
-2398.013729388906
-5290.9004596002
-3551.5585664399955
-1652.3268477674717
-4113.932631976046
-3812.5736938474092
-9432.663953424399
-1929.6304117618376
-4800.019339263889
-1709.7113386172064
-4926.975785043678
-537.4406883289921
-6474.55589680618
-426.706044474075
-2224.7016352810383
-1081.0330159752602
-1889.8037412195745
-4670.615685027139
-3480.0792424120114
-3611.4391926994012
-1084.6941945144188
-529.7510205487831
-3300.2619145554354
-4462.244680009132
-4658.403489455377
-2773.761608305551
-3119.690554347408
-744.6678798950603
-1500.4502530798254
