-5237.549832246049
-4114.320820875087
-4174.88471107713
-53.564376711145286
-3944.1032585302178
-4425.233864694501
-1407.6782324280684
-3678.3275566157536
-1954.294350778126
-12722.288420321212
-3623.049755373698
-1958.2267494527046
-5079.477986270423
-3821.3687310548266
-270.8449358006332
-4641.0414567616845
-3559.8629288495777
-2707.695267129601
-3171.6590133055056
-2577.6053139258875
-2809.292633645252
-2411.3907315915167
-3828.1475958416227
-4151.435603133988
-1901.6398564783876
-3013.682574692327
-2760.5719665811184
0.0
-2381.05870519526
-3884.4506033425787
-446.5886832022822
-1707.980754836109
-2470.1564566740776
-1124.314885867135
-4373.053655960026
-2517.3149462039805
-4158.295834401224
-3655.1992601255224
-2882.3170702537022
-68.14461607780663
-1373.47835591069
-5141.218602323278
-64.34316561346405
-4117.395861954484
-5122.080684120135
-6946.293134982046
-1342.926779350326
-2386.630118100013
-3490.772370995261
-1612.7367311204182
-1103.020518989898
-3420.558484880616
-1967.7996013170239
-489.54112591589285
-2630.7731028813646
-5364.02793337159
-4148.385133787143
-4991.367559411448
-917.1503553248259
-3420.66882060474
-5449.159559879213
-4912.776299110423
-2280.0456334356168
-3171.730150479878
-2230.0683638521427
-5691.313553043097
-1477.5138631618763
-3111.1793031299267
-2342.295006653582
-1935.9281185223933
-2263.828655903411
-3941.3797528143396
-2737.3817852299503
-1040.0558669902744
-4521.578843024627
-6148.119938162703
-5160.934095112167
-9408.362644742994
0.0
-61.9005769689548
-2227.611254313668
-1599.6199105680691
-1099.0505339578513
-3705.1388801925877
-4322.493020996567
-5148.163377169077
-4098.202951610785
0.0
-5547.075300663923
-1255.4236343377577
-4353.32785029054
-1611.8076595166547
-5376.383270698318
-3366.285611115516
-5034.625592815987
-3140.6516000751935
-7609.048480766999
-4790.573446130588
-3868.19806247038
-1920.812716203838
-4176.78040024509
-2271.436981209183
-1481.7154334347874
-3885.8768709956335
-604.9513767988941
-3824.2512361972335
-8651.830711594637
-822.1712132608149
-2608.2524126624057
-4785.572367561768
-8252.56010668126
-2997.2753587749735
-3165.779640775565
-3792.9590895153146
-6609.239765047007
-66.64393174510863
-3771.7858448526254
-3982.854108571643
-4788.281903925627
-1322.1157620016763
-2110.9470627734077
-2055.5949642874148
-6.939400852543657
-6404.277089676593
-715.0641323793138
-3066.046627579236
-4210.893019891251
-2475.53811103464
-2903.718425484013
-1841.7209384471837
-5716.1315143286065
0.0
-4520.848802387034
-3649.887505257425
-2351.822634562067
-4938.0694708071305
-3031.630471875042
-1754.9599695543884
-3666.4130200890104
-3396.2163760285684
-924.0114667683395
-4875.674258998798
-3612.178251396123
-3090.2677590458416
-1682.851501955175
-3319.7577017521157
-2791.918232379554
-3369.6486940830196
-1734.436757603502
-2612.687803325381
-2450.8828058346307
-2530.2523215373667
-2077.0015407298333
-3219.9783145690135
-3011.5728106954098
-918.8659811459889
-4735.048533610989
-4880.856349495977
-959.3014877849978
-1295.898159398006
-3221.9901867993817
-5305.055917065763
-3223.2125542912027
-3519.80106978207
-1969.8628534391285
-1037.5344785184707
-5749.914861280773
-453.0679667916002
-360.1262056410124
-2819.6943516072674
-4551.567561854438
-1541.9595555010542
-3249.4738711813798
-2290.332465739374
-9093.84043379612
-1680.8738112754875
-5120.73767922323
-2652.72818565318
-4547.05978461597
-3657.404060319518
-1225.258544466063
-2532.521400759144
-3082.664756733657
-666.2477930483948
-4185.890603738238
-3188.8485128733655
-2049.64923280669
-1275.1844038511003
-5124.435323133391
-5059.233458885308
-1324.8757098107978
-8232.101266595673
-3476.589392468862
0.0
-4537.953552010376
-2083.455465106559
-2027.065389383306
-2108.64230237108
-3175.488502414265
-3089.4862703671656
-9625.000950617236
-4223.573356222565
-4912.768857835574
-1467.005846294863
-2673.949509805345
-1775.5371662293876
-1385.0328144821074
-1938.329784645044
-5832.704240140836
0.0
-4685.814927484248
-2808.912158266772
-1229.3437543214845
-2454.6069630856105
0.0
-982.0229184748234
-3654.035463483075
-2727.957512947774
-441.3412448676923
-2835.283028758103
-1979.7222355554375
-1552.1259605095227
-4448.6215941358805
-2854.9502446976644
-2646.436351223419
-4220.105501248238
-4113.083669324598
-2571.160157395602
-4030.194955729637
-843.3683304386643
-2590.020152550671
-3136.7026523557174
-796.6752612739824
-1966.6018503803352
-3337.7056266049303
-2312.985180676397
0.0
0.0
-5568.302541963005
-4203.5065413307375
-2707.3098152941134
-2458.4624080332774
-2839.1200201902093
0.0
-1020.1453162824392
-3444.5143484618925
-2765.5883981613874
-3379.2092222035512
-4511.269990416559
-4568.232930270819
-4819.320718231473
-876.6977757093414
-4338.054031973791
-2535.674551177664
-1157.5975856095117
-1613.179484739405
-3915.539815505965
-1688.4971680410504
-4031.818945243236
-7287.041114751966
-1479.7491377227066
-1630.239620888041
-2813.092628645574
-1205.7799413331243
-41.29371604206313
-304.63897572446524
-2639.8766149827266
-2820.816995863599
-2059.053646965143
-5343.163256796711
-668.2070355110357
-5176.201203626307
-5058.844068938075
-3693.6930539748437
-1737.9169432644164
-3074.690939647831
-4614.1774103118205
-880.0307523697538
-2137.4185741869815
-52.5367997123046
-3501.744143918103
-3264.2196623508053
-3754.9029625851663
-4732.738697195907
-3734.977269464209
-4805.747146101083
-4317.531110563141
-2224.158925550015
-4846.541250594
-1449.732425554461
-1292.7401128366466
-3721.0950294374984
-1834.5082454733301
-721.2246992261682
-1932.2948055842642
-1023.2396978592249
-2917.5711476422575
-1941.6668340484985
-857.7932706956477
-1152.5648373951592
-270.90687312610544
-1219.806079336852
-5044.33869240017
-69.62935128963403
-4999.368526187723
-2730.011880928471
-6733.282281503454
-6406.313195093358
-7.947768231221044
-3762.492750352311
-3141.0042880971955
-4442.366334493841
-8284.311489701373
-1614.3715091333293
-2492.2268995874533
-1673.2441817648505
-4026.1700786539654
-4424.073810293908
0.0
-5545.556086536152
-3925.021409318772
-3300.6474590142752
-2690.2485644201906
-2902.0431847210957
-2455.740161289166
-5138.775128030552
-3484.9955243023182
-2621.70777016904
-6.939400852543657
-3490.253573118949
-3357.700992220754
-814.7963514872233
-2579.363088734998
-5369.893176199382
0.0
-2104.6535073127184
-2387.596368707704
-4214.757216432563
-2513.3602257036246
-4018.2557128449125
-6208.381026843862
-2471.5503074752796
-2886.477363453541
-521.9341872889167
-3725.2387263463306
-1000.9776413521231
-5299.91894767742
-2562.327865815964
-5064.322280800051
-2917.8985247479704
-1373.7790442831188
-3249.0768345746765
-1550.9728674894277
-4925.133112770724
-7619.026033876984
-4028.7550793579326
-705.3136618370764
-2896.5567651533124
-2982.3031106074227
-1860.5016168938857
-2138.55857235155
-2290.432051818922
-2389.5820606998295
-3623.8142828345367
-4035.660369759922
-2485.6459147547894
-5260.76256564941
-5156.609513216727
-5056.814233611459
-4753.344778288566
-2484.832382403681
-5170.338795904596
-4023.7546901674095
-4507.275484711145
-3455.594207852062
-1573.2308848095315
-842.3890548149642
-1083.6728513867436
-5393.139427563528
-1894.5960199849428
-1152.2336732408403
-3240.4086868386453
-2221.6035291522517
-3521.907454384573
-1744.773444352541
-3527.6454402928703
-1924.957050260356
-3878.373943661785
-10706.773280021749
-3759.986043424535
0.0
-2736.779469723994
-15015.443596313466
-5020.7774447544725
-610.8210654190059
-50.50960746318661
-4791.097229331757
-4800.55147669236
-1929.3897566345631
-2772.423232450111
-2647.6534493052736
-4788.249405312305
-2353.1252906179498
-2397.3302739526866
-3603.259426899711
-5072.5263283555605
-2642.1179819271347
-2996.6121878468994
-1998.8432481593063
-1374.2764678465294
-5425.070552118348
-2524.822197770991
-4275.85761363898
-2942.8224457556203
-838.9489950081564
-2595.6667707622846
-2984.837037696261
-2037.9211301722787
-1257.4778526460736
-3501.3662323983854
-989.7708402225848
-594.485477204707
-3280.4342706966695
-3193.2298525666606
-3793.290677748307
-5361.009759795237
-2880.5798758015194
-2585.4919082764895
-3199.8164960827567
-6122.314223722334
-3235.1236352290225
-4642.547111977375
-3626.3665255830906
-10166.445899639435
-8283.744507760915
-3556.026729371577
-2316.359520110832
-1015.9479064258029
-2339.8341188245918
-3100.406633806634
-1940.888579267436
-641.3110017435148
-3561.636314843068
-2014.6124352544398
-4435.059324391127
-4618.965554439108
-4904.834883665129
-883.5883097101992
-1318.9897445243712
-8581.919315617522
-779.2611919481761
-1799.591166133277
-3334.270373089997
-5097.153009620087
-2779.497480364705
0.0
-1623.2376165112798
-1020.7418529927178
-2843.3192182124626
-4389.540079812465
-2641.9208218252397
-5160.534026024373
-4428.331582223411
-5548.446444246962
-2378.298239267144
-4227.201048470136
-4558.812612278399
-2673.995470503287
-5528.1405777585205
-1297.7702837193365
-2410.655125046788
-4585.946897707419
-3786.3770763189273
-5480.367004778417
-1194.6039438630517
-4118.181974995514
-983.3514476339643
-3613.438822870646
-4816.395805837925
-3940.5964309669525
-4894.552293167768
-3501.9715355912226
-3880.6746644306418
-4120.8010535277535
-2334.3660752270707
-4844.517534879286
-7713.641087180307
-4524.865517159286
-5393.656766909205
-4331.7717105863085
-2536.9360800470745
-2307.6037966758254
-4265.868697641539
-3865.1667265111837
-4163.592968815926
-4963.230065009457
-2809.5215178110257
-3673.6229610672267
-5884.924730964872
-4678.962740602007
-5076.232551450669
-1818.8736851516223
-3754.6027212071904
-2345.6106382139565
-852.674770568734
-2744.783847142592
-6987.507114123658
-1385.2330098178995
-3019.537553523047
-5539.616515784563
-1028.9914426900434
0.0
-2464.113942445727
-1855.0949536950818
-729.6594502250126
-1686.6165681318578
-2058.9613746982595
-5916.317006245128
-3529.0512920830847
-1606.1640279413018
-4203.719139964694
-4650.070915725729
-2737.818341493372
-4984.268695702391
-7851.542027693174
-1931.5966674296799
-4092.575501120954
-3696.7827030229096
-4524.4869504772105
-1004.1140404300439
-2948.9466253633177
-2493.5426396952657
-3323.312104838893
-5439.196813859343
-2502.0518665706086
-1041.3628193193892
-1192.3942091248991
-3851.95983688311
-3865.966326676964
-4992.356318790971
-2622.5288696532984
-1419.7247157231764
-1428.273844545896
-1335.5309059005215
-1382.6057027743325
-2034.3790280428773
-1650.736381363447
-2663.713275089645
-3288.9076839842633
-2830.697899582152
-1022.3690292948844
-6329.3662286459075
0.0
-2354.837221830322
-47.47265576678375
-1022.5506079833035
-2898.1130374132827
-1737.4009466577713
-3637.8722680762235
-2823.36730784053
-2276.8247638020794
-6713.884343204968
-1827.6436061739291
-7304.064705463458
0.0
-3357.4674841068613
-8.194687688766898
-54.81501003286845
-2144.580341819302
-3806.20006526864
-1949.7490417416493
-4815.330469478662
-2590.4397939140654
-3157.475497860311
-3418.811664890661
-2405.9374945667346
-3654.383413785189
-3512.447291070568
-4021.1579573684994
-3253.596678654175
-3381.9863535178556
-897.6035558976467
-5105.199906371694
-4221.58916955723
-4903.003165458802
-10419.69384351947
-90.29840203181938
-5493.208842575004
-2454.8946819091143
-3031.080632403759
-4571.949333335823
-3571.5447736248557
-3813.280653760203
-3391.1704620939054
-5843.147674300409
-923.3482505314154
-4296.054131804188
-4622.7016530875235
-3543.74053825532
-1373.3165833492933
-1641.1783520213482
-8404.356057541496
-7035.863741203203
-4262.445647221623
-3276.7147555815986
-2331.9627016266795
-3971.0027144947303
-4008.793024810792
-1634.1598601660492
-8997.789020011602
-1161.913889375196
-5846.646033082571
-2937.1912689145443
-4932.423654311262
-4942.550218476225
-2877.6279037028467
-3530.5113705532867
-1486.285373910475
-3190.9537379015433
-4738.043359927223
-4384.844614913671
0.0
-1903.2083991142601
-2936.4821310419925
-1240.1976616879763
0.0
-1355.4961226046503
-3673.066119837578
-5342.280008034276
-3871.5392448998555
-4434.973487505739
-350.14822740660793
-1043.561130408077
-5056.70969058566
-2015.3182069710667
-18095.98568043106
-4861.153278196996
-1115.7577249663316
-5292.492423262855
-1096.0776325156514
-978.1645827826849
-1120.6705141852206
0.0
-1194.1086732800438
-3732.019827377511
-3611.780862596541
-2785.4099252247197
-5705.941152407883
-667.6650347431936
-4319.835433444971
-504.63758654988374
-1209.2634645704416
-3585.0324181831966
-4626.561845346488
-4664.33875656294
-5785.450352961404
-2429.7260899244334
-2682.844618497483
-1411.6065303969517
-4521.270368738726
-57.49685290658224
-3395.044414697705
-1736.1135553457368
-5337.10454373074
-3264.6787412570566
-11081.879274499988
-5781.5531254833495
-4082.8946780255637
-5830.926294152156
-5195.519726848605
-2970.824514085656
-1098.6852570254841
-1396.271240432103
-5557.0479766267845
0.0
-4909.664850047685
-3822.3759690218835
-3459.41847266644
-3174.363674606066
-1502.3496412762297
-2641.3251165242486
-2588.429437022115
-3705.259414512271
-4106.117435987651
-4149.641599360319
-3435.6188858370506
-830.980578790947
-5520.652736577452
-49.70663523860694
-8381.020750475724
-1977.3017588834027
-1873.5551477926763
-2389.385273722658
-25.96678502374464
-5616.951714111769
-2151.04408217007
-2712.0664398030303
-4955.731454686339
-3244.8621380853497
-4624.585061829551
-2921.556047279103
-7313.903456388157
-1441.2429398474776
-2967.8993093529452
-1247.070302262458
-2306.058297581755
-2747.5884452593623
-242.7936691649265
-2611.1481013799
-5247.960403455222
-2944.8321614481133
-3981.1399465156674
-5657.029319642461
-4356.556676340632
-3534.3247176305513
-5750.592607784805
0.0
-730.8420062161845
-3412.0787256697467
-4484.5022166890185
-42.4643758153143
-2454.6182575943258
-1278.041034289532
-693.6669518559933
-3955.896752487983
-5451.783415337921
-2214.3818253861173
-55.394448403198965
-4394.439471704566
-3006.3763993435996
-1860.7271397624015
-3724.361527068672
-2621.3685323386917
-4452.399489563306
0.0
-4766.939664413997
-3880.448214657813
0.0
-60.674735057127954
0.0
-7864.789258766377
-1862.2308782540226
-4207.5356225026835
-4232.109628454638
-4652.778923308459
-1284.8838176176762
-3554.3696716750574
-1782.9916273961585
-3249.8582490791273
-4339.777774433567
-3968.808802601377
-3990.509888704544
-2537.1427933501586
-2265.0112662211955
-2532.530235064757
-5259.432823573204
-1663.213956703816
-3680.550575762752
-3976.2073265284685
-2426.4005977460006
-4052.7360436808453
0.0
-4752.501917049533
-2137.506619832782
-3907.505191009059
-1319.693550436388
-5033.151785125143
-2468.9245914320013
-1254.4838672179217
-2632.1692438769896
-5483.625343192005
-2920.1388199945186
-4196.179233902334
-5003.3317969096
-4516.766914183522
-5506.73567016429
-2826.8505958064316
-4613.826549603239
-1823.57472948904
-2166.390003710711
-4042.4464082130817
-1453.0700286446647
-2115.28715433379
-594.9914563321562
-28.50155704093488
-3713.9597599697213
-4178.160080377088
-1088.4890219791564
-2865.9983114503207
-3132.3573636134847
-1771.3649495084949
-5862.718555850491
-5645.57966398822
-861.2905334282965
-4042.7572888669383
-3841.655701062385
-4620.392943273612
-2004.9765462410312
-3771.584900494185
-2818.029840443505
-1487.1081219962705
-1977.527215609901
-2254.8219689099406
-1080.9348892350847
-3388.6636616290534
-1822.1834608663307
-1109.2326391890838
-2390.500003832293
-2351.6813147552634
-2514.1490839607904
-3845.5536837857753
-5298.369949154109
-1866.1101151687656
-7142.145440356346
-5734.214951507908
-1051.3257713902917
-2812.4795878155487
-950.7925875464335
-773.8171077888368
-3473.205244907167
-5313.787109110716
-963.6044428713685
-5747.803478881957
-2827.0757723559445
-348.27133694720953
-588.9915528278605
-3583.33092174348
-1008.2522941784446
-923.0715293461163
-2907.1348540050503
-32514.000150112875
-3203.499790051942
-4403.714630232262
-2374.082666122645
-1317.8474374125155
-4407.604998198976
0.0
-2640.997021309346
-1985.1808203763412
-941.8635508001408
-2397.0064984336145
-8757.053018444138
-3486.9797220644555
-4650.850618419041
-2614.0224697959425
-2751.1598131528704
-1325.93611469831
-3059.0248432198346
-2329.340320802901
-1363.6942054799313
-3145.7318301384207
-3066.2598878541708
-2663.5622632396926
-3743.3232803002174
-3137.3507987308753
-6659.866424909439
-2599.288751125293
-818.3430405979597
0.0
-3298.3972588401984
-4644.739692339982
-6488.729659392869
-2122.9614595933776
-7420.526167519749
-4199.437884410216
-1804.4431405641396
-1040.998385269244
-49.8057138097397
-3160.798075462544
-2683.8781605765726
-1537.1855864835804
-3651.474317409531
-3211.0516698374954
-308.359276707098
-57.35381457013207
-1536.7614478472017
-1152.3178288955498
0.0
-5206.147708649741
-4794.900355158254
-5616.738673446889
-5805.872345971573
-23.86675150229327
-1333.070841084503
-945.0379381467842
-3207.521806035727
0.0
-2781.289383288557
-1978.539350057735
-4748.761463450691
-7370.491754842138
-1594.397861660269
-2525.864782979894
-1209.3547066111137
-1718.5846793058413
-1675.099965293319
-1191.9828175741015
-2647.584836878714
-3902.7136084145704
-1072.843179900443
-5079.1670848466265
-1836.6790714359233
-2343.1164675956265
-1931.2073885143127
-5948.496025455619
-4608.600831573451
-1913.9161328520738
-4101.802045046026
-3367.9502120754532
-3395.040160552823
-10012.558501703164
-99.81236275708015
-2735.0873985413236
-1341.372002882611
-1993.6502964863566
-60.51716162048448
-3595.1127253267764
-867.4061105623866
-4658.9789690019825
-2092.1385226236566
-2821.501018371092
-3767.2143853674934
-2786.2943055132005
-4030.8477157002
-1621.7241236484963
-3286.7531124468014
-3323.5405916470513
-3463.74982550319
-56.835663224571064
0.0
-3907.061461500495
-3383.4230551993182
-2648.54209139967
-3145.768316419592
-1677.0832635623287
-2520.887486726295
-4592.159517618632
-5025.892416714289
-9439.258287374229
-2164.8285287981325
-3642.5390497841377
-3827.897736281247
-2869.78581399264
-1429.3156092868874
-1493.676547723377
-4963.073326788268
-1142.3142073485415
-763.2595499907865
-6996.213648520609
-3683.4328944170798
-3789.411588140033
-1305.6039715016827
-5720.015931865141
-2088.960389921897
-1107.6919276072085
-844.8452755366826
-3367.4024031099766
-1756.2755918328558
-6411.038876645484
-2568.8377023136973
-3684.1903185290807
-2061.9083456667145
-5119.657889619103
-1454.9749808584586
-4734.416812040174
-3760.01205542491
-3203.6503622434598
-4115.751044711517
-4022.362515792037
-952.9589045528652
-1387.732406132125
-2273.701001146593
-1051.8176204103556
-6776.426972340513
-4885.607844929457
-4998.3881886517975
-726.2716947201253
-2777.166969340447
-3785.5174997637923
-2443.8730538452046
-3255.9313380495855
-4606.225683126044
-4491.333872755775
-2877.321351454766
-4543.119058299675
0.0
-2126.643481673919
-4440.676512507066
-4264.037231797423
-3499.606820751737
-14440.86569077922
-2328.3544688373836
-11.296182003189244
0.0
-1920.1433115346329
-1727.5329172527522
-1123.5170003063006
-3346.854091418164
-4962.426674759718
-2241.4588796990056
-4147.483809667314
-1174.304943777714
-1623.0550332389425
-7981.533361644869
-1349.4201332728596
-2568.398015208984
-4320.1994530665
-3717.676959415562
-4079.4047952478527
-2258.047205637818
-1805.1722814041882
-1501.9581385607596
-5253.157791320713
-2670.8416304323146
-2142.9937986797695
-1913.4059661396047
-853.9221499466156
-4271.744664713135
-5019.574020204729
-1659.18296759773
-2726.132426905061
-2315.146040311369
-11252.709904545776
-4579.0289213875685
-5273.362006254899
-1615.328958611441
-4467.288799659066
-2892.4317916666064
-4639.2443600942115
-4216.827117489646
-1316.373503656574
-583.5310507172825
-4462.141066852737
-3158.013010752683
-1469.9911702194918
-5380.417657044084
-2370.9962510255637
-1903.9982148275615
-4071.5924604242496
0.0
-2108.9107786480945
-1134.3120351126997
-4966.5567776514545
-4459.193375890177
-3945.829492317488
-2562.117402788029
-2380.4644615003413
-4962.9966504395015
-2296.8082357228977
-35.26695336967239
-2973.0809348090993
-3255.0772113160483
-2851.7019179839167
-2482.9990581412844
-4272.3174231341445
-5711.9639120087695
-1139.5401051776303
-1979.1756964906358
-3101.2393759532065
-879.486830061482
-3396.3068155658693
-4648.597470015846
-4939.973798931695
-2273.9355634639055
-2015.9435740367992
-550.341107118325
-4056.442821986783
-1707.4170229046674
-1489.3621102372647
-1728.6931579029253
-4239.68814076192
-2967.271882647156
-3562.4854670166237
-4312.323400884973
-1535.0948053423103
-2771.5746176966636
0.0
-1195.3511383203488
-2648.5528848763097
-3646.1067841977488
-5796.432894187182
-2792.8343587233103
-3054.7378299409775
-4774.117441242231
-4817.262079137932
-2287.6219128710186
-4185.204614072781
-2526.55520750937
-5314.007022464374
-3580.474154017487
-1677.9284469496627
-4129.3021836594
-3866.7863372329743
-9442.996708834662
-1950.6637440689817
-4811.398572980446
-1752.0148960488768
-4784.557804390875
-535.8129503366405
-6518.913920649458
-465.62748106072667
-2264.9183516901303
-1063.736079392663
-1919.7885755578343
-4636.273022427676
-3503.969912650936
-3599.6338887622046
-1077.1489759213682
-541.3760635122686
-3313.613928380846
-4457.867094438451
-4693.849160243613
-2849.1941169954457
-3122.7197770435005
-783.8957187939269
-1501.0927104702894
